Rda_left	Rda_right	p_137_215	p_137_268	p_137_296	p_215_268	p_215_296	p_255_296	p_258_296	p_259_296	p_260_296	p_268_296
0.00000e+00	1.00000e+00	3.80788e-07	2.76238e-06	3.76862e-08	2.28714e-05	8.47777e-07	9.89425e-06	7.55803e-06	5.24630e-06	3.23828e-06	2.01556e-06
1.00000e+00	2.00000e+00	2.69857e-06	1.92792e-05	2.70605e-07	1.59819e-04	6.00607e-06	6.94832e-05	5.33576e-05	3.70112e-05	2.29655e-05	1.43546e-05
2.00000e+00	3.00000e+00	7.49790e-06	5.20273e-05	7.70634e-07	4.32323e-04	1.66787e-05	1.89762e-04	1.47192e-04	1.01954e-04	6.38917e-05	4.02547e-05
3.00000e+00	4.00000e+00	1.50991e-05	1.00443e-04	1.60701e-06	8.37676e-04	3.35683e-05	3.72858e-04	2.93431e-04	2.02795e-04	1.28884e-04	8.21311e-05
4.00000e+00	5.00000e+00	2.59650e-05	1.63704e-04	2.88557e-06	1.37199e-03	5.77044e-05	6.21773e-04	4.98370e-04	3.43368e-04	2.22051e-04	1.43530e-04
5.00000e+00	6.00000e+00	4.06795e-05	2.40752e-04	4.75077e-06	2.03036e-03	9.04160e-05	9.40167e-04	7.69907e-04	5.28329e-04	3.48509e-04	2.29027e-04
6.00000e+00	7.00000e+00	5.99196e-05	3.30330e-04	7.38774e-06	2.80710e-03	1.33295e-04	1.33206e-03	1.11709e-03	7.62813e-04	5.14074e-04	3.44074e-04
7.00000e+00	8.00000e+00	8.44216e-05	4.31029e-04	1.10242e-05	3.69597e-03	1.88151e-04	1.80150e-03	1.54954e-03	1.05204e-03	7.24869e-04	4.94797e-04
8.00000e+00	9.00000e+00	1.14942e-04	5.41338e-04	1.59315e-05	4.69029e-03	2.56966e-04	2.35212e-03	2.07672e-03	1.40093e-03	9.86884e-04	6.87721e-04
9.00000e+00	1.00000e+01	1.52214e-04	6.59704e-04	2.24254e-05	5.78312e-03	3.41840e-04	2.98675e-03	2.70712e-03	1.81366e-03	1.30548e-03	9.29451e-04
1.00000e+01	1.10000e+01	1.96909e-04	7.84594e-04	3.08649e-05	6.96727e-03	4.44941e-04	3.70693e-03	3.44734e-03	2.29337e-03	1.68491e-03	1.22628e-03
1.10000e+01	1.20000e+01	2.49589e-04	9.14551e-04	4.16520e-05	8.23520e-03	5.68454e-04	4.51244e-03	4.30112e-03	2.84182e-03	2.12783e-03	1.58379e-03
1.20000e+01	1.30000e+01	3.10675e-04	1.04824e-03	5.52296e-05	9.57884e-03	7.14538e-04	5.40093e-03	5.26844e-03	3.45920e-03	2.63491e-03	2.00641e-03
1.30000e+01	1.40000e+01	3.80420e-04	1.18451e-03	7.20814e-05	1.09893e-02	8.85293e-04	6.36753e-03	6.34472e-03	4.14394e-03	3.20459e-03	2.49704e-03
1.40000e+01	1.50000e+01	4.58891e-04	1.32239e-03	9.27324e-05	1.24563e-02	1.08273e-03	7.40465e-03	7.52026e-03	4.89271e-03	3.83294e-03	3.05672e-03
1.50000e+01	1.60000e+01	5.45968e-04	1.46115e-03	1.17752e-04	1.39682e-02	1.30878e-03	8.50190e-03	8.77995e-03	5.70039e-03	4.51379e-03	3.68439e-03
1.60000e+01	1.70000e+01	6.41363e-04	1.60028e-03	1.47759e-04	1.55109e-02	1.56526e-03	9.64615e-03	1.01034e-02	6.56018e-03	5.23897e-03	4.37682e-03
1.70000e+01	1.80000e+01	7.44644e-04	1.73950e-03	1.83433e-04	1.70683e-02	1.85391e-03	1.08219e-02	1.14657e-02	7.46372e-03	5.99883e-03	5.12870e-03
1.80000e+01	1.90000e+01	8.55290e-04	1.87880e-03	2.25525e-04	1.86215e-02	2.17641e-03	1.20116e-02	1.28380e-02	8.40130e-03	6.78286e-03	5.93296e-03
1.90000e+01	2.00000e+01	9.72751e-04	2.01843e-03	2.74873e-04	2.01494e-02	2.53441e-03	1.31968e-02	1.41894e-02	9.36206e-03	7.58044e-03	6.78119e-03
2.00000e+01	2.10000e+01	1.09652e-03	2.15897e-03	3.32414e-04	2.16285e-02	2.92958e-03	1.43583e-02	1.54887e-02	1.03342e-02	8.38161e-03	7.66430e-03
2.10000e+01	2.20000e+01	1.22623e-03	2.30136e-03	3.99193e-04	2.30341e-02	3.36361e-03	1.54778e-02	1.67063e-02	1.13055e-02	9.17777e-03	8.57330e-03
2.20000e+01	2.30000e+01	1.36173e-03	2.44701e-03	4.76372e-04	2.43405e-02	3.83829e-03	1.65387e-02	1.78161e-02	1.22634e-02	9.96230e-03	9.50010e-03
2.30000e+01	2.40000e+01	1.50318e-03	2.59788e-03	5.65215e-04	2.55226e-02	4.35552e-03	1.75268e-02	1.87979e-02	1.31955e-02	1.07309e-02	1.04383e-02
2.40000e+01	2.50000e+01	1.65116e-03	2.75664e-03	6.67073e-04	2.65567e-02	4.91734e-03	1.84317e-02	1.96385e-02	1.40901e-02	1.14818e-02	1.13840e-02
2.50000e+01	2.60000e+01	1.80675e-03	2.92675e-03	7.83342e-04	2.74222e-02	5.52595e-03	1.92469e-02	2.03329e-02	1.49368e-02	1.22155e-02	1.23362e-02
2.60000e+01	2.70000e+01	1.97159e-03	3.11262e-03	9.15410e-04	2.81022e-02	6.18366e-03	1.99704e-02	2.08848e-02	1.57271e-02	1.29348e-02	1.32968e-02
2.70000e+01	2.80000e+01	2.14800e-03	3.31969e-03	1.06459e-03	2.85849e-02	6.89291e-03	2.06047e-02	2.13065e-02	1.64546e-02	1.36438e-02	1.42713e-02
2.80000e+01	2.90000e+01	2.33901e-03	3.55446e-03	1.23202e-03	2.88644e-02	7.65612e-03	2.11566e-02	2.16173e-02	1.71163e-02	1.43478e-02	1.52673e-02
2.90000e+01	3.00000e+01	2.54840e-03	3.82453e-03	1.41860e-03	2.89408e-02	8.47559e-03	2.16360e-02	2.18424e-02	1.77123e-02	1.50522e-02	1.62945e-02
3.00000e+01	3.10000e+01	2.78078e-03	4.13849e-03	1.62490e-03	2.88206e-02	9.35329e-03	2.20555e-02	2.20105e-02	1.82464e-02	1.57621e-02	1.73631e-02
3.10000e+01	3.20000e+01	3.04151e-03	4.50571e-03	1.85107e-03	2.85163e-02	1.02906e-02	2.24291e-02	2.21514e-02	1.87262e-02	1.64820e-02	1.84826e-02
3.20000e+01	3.30000e+01	3.33678e-03	4.93611e-03	2.09682e-03	2.80454e-02	1.12878e-02	2.27705e-02	2.22933e-02	1.91625e-02	1.72148e-02	1.96600e-02
3.30000e+01	3.40000e+01	3.67343e-03	5.43970e-03	2.36136e-03	2.74296e-02	1.23438e-02	2.30920e-02	2.24606e-02	1.95689e-02	1.79623e-02	2.08988e-02
3.40000e+01	3.50000e+01	4.05893e-03	6.02610e-03	2.64347e-03	2.66937e-02	1.34558e-02	2.34038e-02	2.26715e-02	1.99609e-02	1.87248e-02	2.21967e-02
3.50000e+01	3.60000e+01	4.50113e-03	6.70390e-03	2.94151e-03	2.58637e-02	1.46184e-02	2.37120e-02	2.29366e-02	2.03543e-02	1.95011e-02	2.35454e-02
3.60000e+01	3.70000e+01	5.00813e-03	7.47997e-03	3.25353e-03	2.49657e-02	1.58234e-02	2.40188e-02	2.32579e-02	2.07644e-02	2.02886e-02	2.49290e-02
3.70000e+01	3.80000e+01	5.58792e-03	8.35868e-03	3.57740e-03	2.40246e-02	1.70592e-02	2.43218e-02	2.36287e-02	2.12036e-02	2.10833e-02	2.63243e-02
3.80000e+01	3.90000e+01	6.24810e-03	9.34120e-03	3.91093e-03	2.30622e-02	1.83109e-02	2.46139e-02	2.40339e-02	2.16811e-02	2.18799e-02	2.77013e-02
3.90000e+01	4.00000e+01	6.99552e-03	1.04248e-02	4.25204e-03	2.20973e-02	1.95599e-02	2.48839e-02	2.44514e-02	2.22005e-02	2.26716e-02	2.90236e-02
4.00000e+01	4.10000e+01	7.83586e-03	1.16021e-02	4.59885e-03	2.11439e-02	2.07844e-02	2.51170e-02	2.48535e-02	2.27596e-02	2.34499e-02	3.02504e-02
4.10000e+01	4.20000e+01	8.77329e-03	1.28610e-02	4.94984e-03	2.02120e-02	2.19595e-02	2.52961e-02	2.52091e-02	2.33495e-02	2.42048e-02	3.13384e-02
4.20000e+01	4.30000e+01	9.81007e-03	1.41843e-02	5.30389e-03	1.93070e-02	2.30586e-02	2.54024e-02	2.54861e-02	2.39550e-02	2.49238e-02	3.22441e-02
4.30000e+01	4.40000e+01	1.09462e-02	1.55497e-02	5.66029e-03	1.84301e-02	2.40539e-02	2.54172e-02	2.56532e-02	2.45545e-02	2.55928e-02	3.29267e-02
4.40000e+01	4.50000e+01	1.21793e-02	1.69307e-02	6.01875e-03	1.75796e-02	2.49182e-02	2.53227e-02	2.56823e-02	2.51219e-02	2.61955e-02	3.33499e-02
4.50000e+01	4.60000e+01	1.35042e-02	1.82968e-02	6.37924e-03	1.67508e-02	2.56261e-02	2.51035e-02	2.55506e-02	2.56273e-02	2.67138e-02	3.34851e-02
4.60000e+01	4.70000e+01	1.49129e-02	1.96152e-02	6.74192e-03	1.59381e-02	2.61555e-02	2.47473e-02	2.52412e-02	2.60395e-02	2.71287e-02	3.33126e-02
4.70000e+01	4.80000e+01	1.63947e-02	2.08517e-02	7.10692e-03	1.51348e-02	2.64892e-02	2.42459e-02	2.47449e-02	2.63276e-02	2.74207e-02	3.28237e-02
4.80000e+01	4.90000e+01	1.79359e-02	2.19724e-02	7.47419e-03	1.43349e-02	2.66158e-02	2.35960e-02	2.40601e-02	2.64632e-02	2.75708e-02	3.20206e-02
4.90000e+01	5.00000e+01	1.95203e-02	2.29453e-02	7.84327e-03	1.35334e-02	2.65308e-02	2.27991e-02	2.31929e-02	2.64222e-02	2.75618e-02	3.09175e-02
5.00000e+01	5.10000e+01	2.11289e-02	2.37422e-02	8.21314e-03	1.27269e-02	2.62369e-02	2.18618e-02	2.21567e-02	2.61868e-02	2.73797e-02	2.95389e-02
5.10000e+01	5.20000e+01	2.27405e-02	2.43395e-02	8.58207e-03	1.19141e-02	2.57440e-02	2.07954e-02	2.09707e-02	2.57461e-02	2.70143e-02	2.79190e-02
5.20000e+01	5.30000e+01	2.43315e-02	2.47201e-02	8.94758e-03	1.10957e-02	2.50691e-02	1.96158e-02	1.96597e-02	2.50974e-02	2.64603e-02	2.60996e-02
5.30000e+01	5.40000e+01	2.58766e-02	2.48738e-02	9.30642e-03	1.02744e-02	2.42346e-02	1.83424e-02	1.82517e-02	2.42461e-02	2.57184e-02	2.41280e-02
5.40000e+01	5.50000e+01	2.73488e-02	2.47980e-02	9.65464e-03	9.45469e-03	2.32679e-02	1.69976e-02	1.67771e-02	2.32054e-02	2.47952e-02	2.20543e-02
5.50000e+01	5.60000e+01	2.87201e-02	2.44979e-02	9.98784e-03	8.64236e-03	2.21994e-02	1.56054e-02	1.52668e-02	2.19956e-02	2.37033e-02	1.99293e-02
5.60000e+01	5.70000e+01	2.99618e-02	2.39857e-02	1.03014e-02	7.84410e-03	2.10613e-02	1.41907e-02	1.37511e-02	2.06428e-02	2.24609e-02	1.78017e-02
5.70000e+01	5.80000e+01	3.10455e-02	2.32804e-02	1.05909e-02	7.06699e-03	1.98855e-02	1.27782e-02	1.22582e-02	1.91775e-02	2.10911e-02	1.57165e-02
5.80000e+01	5.90000e+01	3.19436e-02	2.24064e-02	1.08525e-02	6.31804e-03	1.87024e-02	1.13913e-02	1.08135e-02	1.76330e-02	1.96206e-02	1.37129e-02
5.90000e+01	6.00000e+01	3.26308e-02	2.13926e-02	1.10833e-02	5.60377e-03	1.75397e-02	1.00513e-02	9.43851e-03	1.60435e-02	1.80789e-02	1.18233e-02
6.00000e+01	6.10000e+01	3.30844e-02	2.02705e-02	1.12820e-02	4.92988e-03	1.64213e-02	8.77669e-03	8.15059e-03	1.44428e-02	1.64964e-02	1.00728e-02
6.10000e+01	6.20000e+01	3.32863e-02	1.90736e-02	1.14492e-02	4.30100e-03	1.53666e-02	7.58256e-03	6.96265e-03	1.28626e-02	1.49036e-02	8.47872e-03
6.20000e+01	6.30000e+01	3.32233e-02	1.78355e-02	1.15877e-02	3.72055e-03	1.43901e-02	6.48041e-03	5.88318e-03	1.13312e-02	1.33294e-02	7.05086e-03
6.30000e+01	6.40000e+01	3.28885e-02	1.65889e-02	1.17026e-02	3.19067e-03	1.35016e-02	5.47797e-03	4.91648e-03	9.87306e-03	1.18000e-02	5.79238e-03
6.40000e+01	6.50000e+01	3.22822e-02	1.53647e-02	1.18016e-02	2.71225e-03	1.27060e-02	4.57931e-03	4.06306e-03	8.50764e-03	1.03383e-02	4.70054e-03
6.50000e+01	6.60000e+01	3.14119e-02	1.41909e-02	1.18945e-02	2.28502e-03	1.20042e-02	3.78514e-03	3.32019e-03	7.24946e-03	8.96321e-03	3.76779e-03
6.60000e+01	6.70000e+01	3.02925e-02	1.30924e-02	1.19928e-02	1.90765e-03	1.13930e-02	3.09320e-03	2.68247e-03	6.10799e-03	7.68907e-03	2.98298e-03
6.70000e+01	6.80000e+01	2.89465e-02	1.20902e-02	1.21095e-02	1.57795e-03	1.08664e-02	2.49875e-03	2.14253e-03	5.08799e-03	6.52580e-03	2.33246e-03
6.80000e+01	6.90000e+01	2.74023e-02	1.12012e-02	1.22579e-02	1.29302e-03	1.04158e-02	1.99515e-03	1.69157e-03	4.18995e-03	5.47895e-03	1.80118e-03
6.90000e+01	7.00000e+01	2.56939e-02	1.04382e-02	1.24511e-02	1.04948e-03	1.00310e-02	1.57442e-03	1.32002e-03	3.41072e-03	4.55009e-03	1.37360e-03
7.00000e+01	7.10000e+01	2.38594e-02	9.80946e-03	1.27007e-02	8.43576e-04	9.70060e-03	1.22775e-03	1.01802e-03	2.74420e-03	3.73730e-03	1.03444e-03
7.10000e+01	7.20000e+01	2.19387e-02	9.31897e-03	1.30163e-02	6.71409e-04	9.41268e-03	9.46033e-04	7.75846e-04	2.18212e-03	3.03577e-03	7.69254e-04
7.20000e+01	7.30000e+01	1.99726e-02	8.96626e-03	1.34043e-02	5.29042e-04	9.15538e-03	7.20224e-04	5.84247e-04	1.71473e-03	2.43842e-03	5.64863e-04
7.30000e+01	7.40000e+01	1.80007e-02	8.74662e-03	1.38675e-02	4.12627e-04	8.91735e-03	5.41700e-04	4.34690e-04	1.33146e-03	1.93657e-03	4.09551e-04
7.40000e+01	7.50000e+01	1.60597e-02	8.65116e-03	1.44044e-02	3.18505e-04	8.68810e-03	4.02480e-04	3.19512e-04	1.02149e-03	1.52054e-03	2.93191e-04
7.50000e+01	7.60000e+01	1.41827e-02	8.66712e-03	1.50089e-02	2.43271e-04	8.45838e-03	2.95389e-04	2.31998e-04	7.74252e-04	1.18022e-03	2.07232e-04
7.60000e+01	7.70000e+01	1.23974e-02	8.77824e-03	1.56709e-02	1.83826e-04	8.22041e-03	2.14129e-04	1.66392e-04	5.79736e-04	9.05498e-04	1.44617e-04
7.70000e+01	7.80000e+01	1.07261e-02	8.96525e-03	1.63757e-02	1.37402e-04	7.96805e-03	1.53307e-04	1.17870e-04	4.28788e-04	6.86633e-04	9.96372e-05
7.80000e+01	7.90000e+01	9.18522e-03	9.20656e-03	1.71055e-02	1.01573e-04	7.69690e-03	1.08399e-04	8.24629e-05	3.13246e-04	5.14558e-04	6.77730e-05
7.90000e+01	8.00000e+01	7.78527e-03	9.47909e-03	1.78397e-02	7.42490e-05	7.40431e-03	7.56907e-05	5.69736e-05	2.26009e-04	3.81044e-04	4.55108e-05
8.00000e+01	8.10000e+01	6.53131e-03	9.75922e-03	1.85560e-02	5.36617e-05	7.08933e-03	5.21898e-05	3.88703e-05	1.61038e-04	2.78810e-04	3.01708e-05
8.10000e+01	8.20000e+01	5.42348e-03	1.00238e-02	1.92312e-02	3.83386e-05	6.75257e-03	3.55331e-05	2.61857e-05	1.13309e-04	2.01555e-04	1.97454e-05
8.20000e+01	8.30000e+01	4.45780e-03	1.02513e-02	1.98430e-02	2.70736e-05	6.39604e-03	2.38870e-05	1.74175e-05	7.87228e-05	1.43943e-04	1.27569e-05
8.30000e+01	8.40000e+01	3.62697e-03	1.04227e-02	2.03702e-02	1.88944e-05	6.02286e-03	1.58545e-05	1.14383e-05	5.40022e-05	1.01547e-04	8.13616e-06
8.40000e+01	8.50000e+01	2.92123e-03	1.05224e-02	2.07942e-02	1.30300e-05	5.63701e-03	1.03893e-05	7.41589e-06	3.65737e-05	7.07593e-05	5.12249e-06
8.50000e+01	8.60000e+01	2.32920e-03	1.05391e-02	2.10994e-02	8.87823e-06	5.24306e-03	6.72111e-06	4.74650e-06	2.44538e-05	4.86975e-05	3.18365e-06
8.60000e+01	8.70000e+01	1.83859e-03	1.04659e-02	2.12741e-02	5.97631e-06	4.84586e-03	4.29240e-06	2.99896e-06	1.61405e-05	3.30982e-05	1.95320e-06
8.70000e+01	8.80000e+01	1.43688e-03	1.03008e-02	2.13105e-02	3.97391e-06	4.45025e-03	2.70611e-06	1.87040e-06	1.05163e-05	2.22148e-05	1.18288e-06
8.80000e+01	8.90000e+01	1.11183e-03	1.00463e-02	2.12050e-02	2.60999e-06	4.06087e-03	1.68407e-06	1.15146e-06	6.76322e-06	1.47229e-05	7.07143e-07
8.90000e+01	9.00000e+01	8.51842e-04	9.70924e-03	2.09581e-02	1.69300e-06	3.68196e-03	1.03449e-06	6.99673e-07	4.29314e-06	9.63449e-06	4.17291e-07
9.00000e+01	9.10000e+01	6.46252e-04	9.29970e-03	2.05740e-02	1.08452e-06	3.31720e-03	6.27240e-07	4.19621e-07	2.68971e-06	6.22472e-06	2.43071e-07
9.10000e+01	9.20000e+01	4.85499e-04	8.83047e-03	2.00604e-02	6.86030e-07	2.96961e-03	3.75373e-07	2.48382e-07	1.66312e-06	3.97046e-06	1.39762e-07
9.20000e+01	9.30000e+01	3.61195e-04	8.31589e-03	1.94279e-02	4.28494e-07	2.64159e-03	2.21717e-07	1.45101e-07	1.01489e-06	2.50016e-06	7.93235e-08
9.30000e+01	9.40000e+01	2.66123e-04	7.77090e-03	1.86894e-02	2.64249e-07	2.33484e-03	1.29250e-07	8.36552e-08	6.11174e-07	1.55410e-06	4.44396e-08
9.40000e+01	9.50000e+01	1.94193e-04	7.21012e-03	1.78594e-02	1.60888e-07	2.05046e-03	7.43610e-08	4.75966e-08	3.63207e-07	9.53568e-07	2.45749e-08
9.50000e+01	9.60000e+01	1.40352e-04	6.64699e-03	1.69539e-02	9.67055e-08	1.78897e-03	4.22209e-08	2.67244e-08	2.12994e-07	5.77518e-07	1.34142e-08
9.60000e+01	9.70000e+01	1.00477e-04	6.09319e-03	1.59891e-02	5.73815e-08	1.55044e-03	2.36574e-08	1.48073e-08	1.23252e-07	3.45224e-07	7.22748e-09
9.70000e+01	9.80000e+01	7.12531e-05	5.55819e-03	1.49819e-02	3.36099e-08	1.33451e-03	1.30813e-08	8.09602e-09	7.03754e-08	2.03677e-07	3.84377e-09
9.80000e+01	9.90000e+01	5.00566e-05	5.04912e-03	1.39484e-02	1.94319e-08	1.14053e-03	7.13784e-09	4.36801e-09	3.96492e-08	1.18596e-07	2.01778e-09
9.90000e+01	1.00000e+02	3.48397e-05	4.57074e-03	1.29043e-02	1.10893e-08	9.67585e-04	3.84332e-09	2.32542e-09	2.20407e-08	6.81505e-08	1.04553e-09
1.00000e+02	1.01000e+02	2.40258e-05	4.12565e-03	1.18642e-02	6.24614e-09	8.14588e-04	2.04201e-09	1.22157e-09	1.20887e-08	3.86479e-08	5.34742e-10
1.01000e+02	1.02000e+02	1.64178e-05	3.71464e-03	1.08415e-02	3.47238e-09	6.80308e-04	1.07056e-09	6.33176e-10	6.54174e-09	2.16285e-08	2.69957e-10
1.02000e+02	1.03000e+02	1.11181e-05	3.33703e-03	9.84827e-03	1.90518e-09	5.63428e-04	5.53808e-10	3.23826e-10	3.49262e-09	1.19442e-08	1.34520e-10
1.03000e+02	1.04000e+02	7.46216e-06	2.99115e-03	8.89467e-03	1.03164e-09	4.62566e-04	2.82676e-10	1.63408e-10	1.83971e-09	6.50886e-09	6.61636e-11
1.04000e+02	1.05000e+02	4.96443e-06	2.67473e-03	7.98934e-03	5.51300e-10	3.76314e-04	1.42362e-10	8.13582e-11	9.56040e-10	3.49995e-09	3.21213e-11
1.05000e+02	1.06000e+02	3.27410e-06	2.38524e-03	7.13908e-03	2.90743e-10	3.03253e-04	7.07402e-11	3.99658e-11	4.90147e-10	1.85701e-09	1.53924e-11
1.06000e+02	1.07000e+02	2.14081e-06	2.12019e-03	6.34895e-03	1.51314e-10	2.41979e-04	3.46814e-11	1.93700e-11	2.47908e-10	9.72199e-10	7.28046e-12
1.07000e+02	1.08000e+02	1.38795e-06	1.87733e-03	5.62228e-03	7.77125e-11	1.91125e-04	1.67756e-11	9.26226e-12	1.23699e-10	5.02196e-10	3.39899e-12
1.08000e+02	1.09000e+02	8.92316e-07	1.65473e-03	4.96077e-03	3.93855e-11	1.49375e-04	8.00574e-12	4.36964e-12	6.08895e-11	2.55954e-10	1.56632e-12
1.09000e+02	1.10000e+02	5.68911e-07	1.45084e-03	4.36466e-03	1.96973e-11	1.15483e-04	3.76931e-12	2.03381e-12	2.95676e-11	1.28710e-10	7.12441e-13
1.10000e+02	1.11000e+02	3.59730e-07	1.26448e-03	3.83289e-03	9.72070e-12	8.82911e-05	1.75087e-12	9.33905e-13	1.41639e-11	6.38579e-11	3.19856e-13
1.11000e+02	1.12000e+02	2.25595e-07	1.09475e-03	3.36328e-03	4.73370e-12	6.67345e-05	8.02361e-13	4.23083e-13	6.69319e-12	3.12584e-11	1.41739e-13
1.12000e+02	1.13000e+02	1.40315e-07	9.40941e-04	2.95278e-03	2.27462e-12	4.98554e-05	3.62736e-13	1.89091e-13	3.12008e-12	1.50959e-11	6.20066e-14
1.13000e+02	1.14000e+02	8.65551e-08	8.02464e-04	2.59763e-03	1.07850e-12	3.68047e-05	1.61781e-13	8.33685e-14	1.43476e-12	7.19260e-12	2.67642e-14
1.14000e+02	1.15000e+02	5.29503e-08	6.78757e-04	2.29364e-03	5.04577e-13	2.68433e-05	7.11886e-14	3.62667e-14	6.50825e-13	3.38098e-12	1.14062e-14
1.15000e+02	1.16000e+02	3.21213e-08	5.69218e-04	2.03634e-03	2.32931e-13	1.93387e-05	3.08962e-14	1.55616e-14	2.91210e-13	1.56791e-12	4.79670e-15
1.16000e+02	1.17000e+02	1.93203e-08	4.73162e-04	1.82114e-03	1.06098e-13	1.37596e-05	1.32303e-14	6.58207e-15	1.28541e-13	7.17345e-13	1.99122e-15
1.17000e+02	1.18000e+02	1.15203e-08	3.89796e-04	1.64351e-03	4.76867e-14	9.66742e-06	5.58965e-15	2.75373e-15	5.59594e-14	3.23770e-13	8.20119e-16
1.18000e+02	1.19000e+02	6.80870e-09	3.18223e-04	1.49905e-03	2.11459e-14	6.70626e-06	2.33261e-15	1.13796e-15	2.40347e-14	1.44170e-13	3.32379e-16
1.19000e+02	1.20000e+02	3.98775e-09	2.57454e-04	1.38363e-03	9.25164e-15	4.59267e-06	9.58497e-16	4.55542e-16	1.01923e-14	6.33234e-14	1.31362e-16
1.20000e+02	1.21000e+02	2.31398e-09	2.06435e-04	1.29337e-03	3.99514e-15	3.10471e-06	3.84574e-16	1.86076e-16	4.24815e-15	2.74522e-14	4.84819e-17
1.21000e+02	1.22000e+02	1.33001e-09	1.64081e-04	1.22470e-03	1.70071e-15	2.07160e-06	1.58324e-16	7.14069e-17	1.75281e-15	1.17282e-14	1.71073e-17
1.22000e+02	1.23000e+02	7.57015e-10	1.29310e-04	1.17438e-03	7.14433e-16	1.36423e-06	5.88946e-17	2.92648e-17	7.12189e-16	4.94749e-15	6.58674e-18
1.23000e+02	1.24000e+02	4.26582e-10	1.01073e-04	1.13942e-03	2.96394e-16	8.86607e-07	1.98902e-17	9.71831e-18	2.85349e-16	2.05630e-15	2.10879e-18
1.24000e+02	1.25000e+02	2.37924e-10	7.83845e-05	1.11710e-03	1.21490e-16	5.68607e-07	1.10486e-17	5.24370e-18	1.13225e-16	8.41738e-16	3.64461e-19
1.25000e+02	1.26000e+02	1.31312e-10	6.03384e-05	1.10490e-03	4.95855e-17	3.59837e-07	2.25855e-18	0.00000e+00	4.46909e-17	3.43026e-16	7.68354e-20
1.26000e+02	1.27000e+02	7.16958e-11	4.61228e-05	1.10049e-03	1.91850e-17	2.24694e-07	4.16514e-19	0.00000e+00	1.72426e-17	1.39731e-16	7.64872e-21
1.27000e+02	1.28000e+02	3.87175e-11	3.50264e-05	1.10165e-03	7.21361e-18	1.38437e-07	0.00000e+00	0.00000e+00	7.43988e-18	5.18476e-17	3.38535e-21
1.28000e+02	1.29000e+02	2.06751e-11	2.64380e-05	1.10629e-03	3.31210e-18	8.41524e-08	0.00000e+00	0.00000e+00	0.00000e+00	2.11609e-17	1.47734e-21
1.29000e+02	1.30000e+02	1.09150e-11	1.98425e-05	1.11242e-03	4.84969e-19	5.04690e-08	0.00000e+00	0.00000e+00	0.00000e+00	8.18784e-18	0.00000e+00
1.30000e+02	1.31000e+02	5.69579e-12	1.48137e-05	1.11816e-03	3.08833e-19	2.98616e-08	0.00000e+00	0.00000e+00	0.00000e+00	2.68991e-18	0.00000e+00
1.31000e+02	1.32000e+02	2.93737e-12	1.10043e-05	1.12176e-03	9.33550e-20	1.74309e-08	0.00000e+00	0.00000e+00	0.00000e+00	8.28176e-20	0.00000e+00
1.32000e+02	1.33000e+02	1.49680e-12	8.13541e-06	1.12161e-03	0.00000e+00	1.00378e-08	0.00000e+00	0.00000e+00	0.00000e+00	1.06793e-20	0.00000e+00
1.33000e+02	1.34000e+02	7.53537e-13	5.98638e-06	1.11633e-03	0.00000e+00	5.70239e-09	0.00000e+00	0.00000e+00	0.00000e+00	0.00000e+00	0.00000e+00
1.34000e+02	1.35000e+02	3.74735e-13	4.38439e-06	1.10476e-03	0.00000e+00	3.19573e-09	0.00000e+00	0.00000e+00	0.00000e+00	0.00000e+00	0.00000e+00
1.35000e+02	1.36000e+02	1.84060e-13	3.19564e-06	1.08606e-03	0.00000e+00	1.76673e-09	0.00000e+00	0.00000e+00	0.00000e+00	0.00000e+00	0.00000e+00
1.36000e+02	1.37000e+02	8.92879e-14	2.31742e-06	1.05970e-03	0.00000e+00	9.63501e-10	0.00000e+00	0.00000e+00	0.00000e+00	0.00000e+00	0.00000e+00
1.37000e+02	1.38000e+02	4.27707e-14	1.67146e-06	1.02550e-03	0.00000e+00	5.18337e-10	0.00000e+00	0.00000e+00	0.00000e+00	0.00000e+00	0.00000e+00
1.38000e+02	1.39000e+02	2.02266e-14	1.19852e-06	9.83650e-04	0.00000e+00	2.75071e-10	0.00000e+00	0.00000e+00	0.00000e+00	0.00000e+00	0.00000e+00
1.39000e+02	1.40000e+02	9.44578e-15	8.53966e-07	9.34680e-04	0.00000e+00	1.43995e-10	0.00000e+00	0.00000e+00	0.00000e+00	0.00000e+00	0.00000e+00
1.40000e+02	1.41000e+02	4.35362e-15	6.04286e-07	8.79428e-04	0.00000e+00	7.43557e-11	0.00000e+00	0.00000e+00	0.00000e+00	0.00000e+00	0.00000e+00
1.41000e+02	1.42000e+02	1.98188e-15	4.24433e-07	8.18992e-04	0.00000e+00	3.78743e-11	0.00000e+00	0.00000e+00	0.00000e+00	0.00000e+00	0.00000e+00
1.42000e+02	1.43000e+02	8.87727e-16	2.95728e-07	7.54663e-04	0.00000e+00	1.90299e-11	0.00000e+00	0.00000e+00	0.00000e+00	0.00000e+00	0.00000e+00
1.43000e+02	1.44000e+02	3.97622e-16	2.04293e-07	6.87854e-04	0.00000e+00	9.43165e-12	0.00000e+00	0.00000e+00	0.00000e+00	0.00000e+00	0.00000e+00
1.44000e+02	1.45000e+02	1.73708e-16	1.39849e-07	6.20016e-04	0.00000e+00	4.61101e-12	0.00000e+00	0.00000e+00	0.00000e+00	0.00000e+00	0.00000e+00
1.45000e+02	1.46000e+02	7.38271e-17	9.48181e-08	5.52564e-04	0.00000e+00	2.22361e-12	0.00000e+00	0.00000e+00	0.00000e+00	0.00000e+00	0.00000e+00
1.46000e+02	1.47000e+02	3.15336e-17	6.36428e-08	4.86812e-04	0.00000e+00	1.05773e-12	0.00000e+00	0.00000e+00	0.00000e+00	0.00000e+00	0.00000e+00
1.47000e+02	1.48000e+02	1.32938e-17	4.22716e-08	4.23912e-04	0.00000e+00	4.96301e-13	0.00000e+00	0.00000e+00	0.00000e+00	0.00000e+00	0.00000e+00
1.48000e+02	1.49000e+02	5.48342e-18	2.77730e-08	3.64817e-04	0.00000e+00	2.29706e-13	0.00000e+00	0.00000e+00	0.00000e+00	0.00000e+00	0.00000e+00
1.49000e+02	1.50000e+02	2.30930e-18	1.80436e-08	3.10252e-04	0.00000e+00	1.04866e-13	0.00000e+00	0.00000e+00	0.00000e+00	0.00000e+00	0.00000e+00
1.50000e+02	1.51000e+02	8.71686e-19	1.15882e-08	2.60712e-04	0.00000e+00	4.72257e-14	0.00000e+00	0.00000e+00	0.00000e+00	0.00000e+00	0.00000e+00
1.51000e+02	1.52000e+02	3.84467e-19	7.35498e-09	2.16465e-04	0.00000e+00	2.09748e-14	0.00000e+00	0.00000e+00	0.00000e+00	0.00000e+00	0.00000e+00
1.52000e+02	1.53000e+02	1.40270e-19	4.61231e-09	1.77572e-04	0.00000e+00	9.19084e-15	0.00000e+00	0.00000e+00	0.00000e+00	0.00000e+00	0.00000e+00
1.53000e+02	1.54000e+02	7.55675e-20	2.85717e-09	1.43915e-04	0.00000e+00	3.97189e-15	0.00000e+00	0.00000e+00	0.00000e+00	0.00000e+00	0.00000e+00
1.54000e+02	1.55000e+02	9.90297e-21	1.74804e-09	1.15233e-04	0.00000e+00	1.69523e-15	0.00000e+00	0.00000e+00	0.00000e+00	0.00000e+00	0.00000e+00
1.55000e+02	1.56000e+02	2.71558e-21	1.05608e-09	9.11553e-05	0.00000e+00	7.10498e-16	0.00000e+00	0.00000e+00	0.00000e+00	0.00000e+00	0.00000e+00
1.56000e+02	1.57000e+02	7.07529e-22	6.29961e-10	7.12401e-05	0.00000e+00	2.94799e-16	0.00000e+00	0.00000e+00	0.00000e+00	0.00000e+00	0.00000e+00
1.57000e+02	1.58000e+02	7.07529e-22	3.70975e-10	5.50063e-05	0.00000e+00	1.21329e-16	0.00000e+00	0.00000e+00	0.00000e+00	0.00000e+00	0.00000e+00
1.58000e+02	1.59000e+02	0.00000e+00	2.15647e-10	4.19624e-05	0.00000e+00	4.94639e-17	0.00000e+00	0.00000e+00	0.00000e+00	0.00000e+00	0.00000e+00
1.59000e+02	1.60000e+02	0.00000e+00	1.23729e-10	3.16293e-05	0.00000e+00	1.91402e-17	0.00000e+00	0.00000e+00	0.00000e+00	0.00000e+00	0.00000e+00
1.60000e+02	1.61000e+02	0.00000e+00	7.00634e-11	2.35573e-05	0.00000e+00	6.65666e-18	0.00000e+00	0.00000e+00	0.00000e+00	0.00000e+00	0.00000e+00
1.61000e+02	1.62000e+02	0.00000e+00	3.91536e-11	1.73383e-05	0.00000e+00	4.40051e-18	0.00000e+00	0.00000e+00	0.00000e+00	0.00000e+00	0.00000e+00
1.62000e+02	1.63000e+02	0.00000e+00	2.15917e-11	1.26118e-05	0.00000e+00	5.17186e-19	0.00000e+00	0.00000e+00	0.00000e+00	0.00000e+00	0.00000e+00
1.63000e+02	1.64000e+02	0.00000e+00	1.17492e-11	9.06747e-06	0.00000e+00	2.58593e-19	0.00000e+00	0.00000e+00	0.00000e+00	0.00000e+00	0.00000e+00
1.64000e+02	1.65000e+02	0.00000e+00	6.30842e-12	6.44473e-06	0.00000e+00	0.00000e+00	0.00000e+00	0.00000e+00	0.00000e+00	0.00000e+00	0.00000e+00
1.65000e+02	1.66000e+02	0.00000e+00	3.34196e-12	4.52908e-06	0.00000e+00	0.00000e+00	0.00000e+00	0.00000e+00	0.00000e+00	0.00000e+00	0.00000e+00
1.66000e+02	1.67000e+02	0.00000e+00	1.74676e-12	3.14771e-06	0.00000e+00	0.00000e+00	0.00000e+00	0.00000e+00	0.00000e+00	0.00000e+00	0.00000e+00
1.67000e+02	1.68000e+02	0.00000e+00	9.00753e-13	2.16406e-06	0.00000e+00	0.00000e+00	0.00000e+00	0.00000e+00	0.00000e+00	0.00000e+00	0.00000e+00
1.68000e+02	1.69000e+02	0.00000e+00	4.58246e-13	1.47218e-06	0.00000e+00	0.00000e+00	0.00000e+00	0.00000e+00	0.00000e+00	0.00000e+00	0.00000e+00
1.69000e+02	1.70000e+02	0.00000e+00	2.29991e-13	9.91326e-07	0.00000e+00	0.00000e+00	0.00000e+00	0.00000e+00	0.00000e+00	0.00000e+00	0.00000e+00
1.70000e+02	1.71000e+02	0.00000e+00	1.13872e-13	6.61008e-07	0.00000e+00	0.00000e+00	0.00000e+00	0.00000e+00	0.00000e+00	0.00000e+00	0.00000e+00
1.71000e+02	1.72000e+02	0.00000e+00	5.56201e-14	4.36637e-07	0.00000e+00	0.00000e+00	0.00000e+00	0.00000e+00	0.00000e+00	0.00000e+00	0.00000e+00
1.72000e+02	1.73000e+02	0.00000e+00	2.67974e-14	2.85871e-07	0.00000e+00	0.00000e+00	0.00000e+00	0.00000e+00	0.00000e+00	0.00000e+00	0.00000e+00
1.73000e+02	1.74000e+02	0.00000e+00	1.27374e-14	1.85603e-07	0.00000e+00	0.00000e+00	0.00000e+00	0.00000e+00	0.00000e+00	0.00000e+00	0.00000e+00
1.74000e+02	1.75000e+02	0.00000e+00	5.97149e-15	1.19568e-07	0.00000e+00	0.00000e+00	0.00000e+00	0.00000e+00	0.00000e+00	0.00000e+00	0.00000e+00
1.75000e+02	1.76000e+02	0.00000e+00	2.76169e-15	7.64748e-08	0.00000e+00	0.00000e+00	0.00000e+00	0.00000e+00	0.00000e+00	0.00000e+00	0.00000e+00
1.76000e+02	1.77000e+02	0.00000e+00	1.25993e-15	4.85912e-08	0.00000e+00	0.00000e+00	0.00000e+00	0.00000e+00	0.00000e+00	0.00000e+00	0.00000e+00
1.77000e+02	1.78000e+02	0.00000e+00	5.66942e-16	3.06896e-08	0.00000e+00	0.00000e+00	0.00000e+00	0.00000e+00	0.00000e+00	0.00000e+00	0.00000e+00
1.78000e+02	1.79000e+02	0.00000e+00	2.51623e-16	1.92779e-08	0.00000e+00	0.00000e+00	0.00000e+00	0.00000e+00	0.00000e+00	0.00000e+00	0.00000e+00
1.79000e+02	1.80000e+02	0.00000e+00	1.10237e-16	1.20497e-08	0.00000e+00	0.00000e+00	0.00000e+00	0.00000e+00	0.00000e+00	0.00000e+00	0.00000e+00
1.80000e+02	1.81000e+02	0.00000e+00	4.75805e-17	7.49738e-09	0.00000e+00	0.00000e+00	0.00000e+00	0.00000e+00	0.00000e+00	0.00000e+00	0.00000e+00
1.81000e+02	1.82000e+02	0.00000e+00	2.02239e-17	4.64496e-09	0.00000e+00	0.00000e+00	0.00000e+00	0.00000e+00	0.00000e+00	0.00000e+00	0.00000e+00
1.82000e+02	1.83000e+02	0.00000e+00	8.52793e-18	2.86584e-09	0.00000e+00	0.00000e+00	0.00000e+00	0.00000e+00	0.00000e+00	0.00000e+00	0.00000e+00
1.83000e+02	1.84000e+02	0.00000e+00	3.52504e-18	1.76081e-09	0.00000e+00	0.00000e+00	0.00000e+00	0.00000e+00	0.00000e+00	0.00000e+00	0.00000e+00
1.84000e+02	1.85000e+02	0.00000e+00	1.43862e-18	1.07719e-09	0.00000e+00	0.00000e+00	0.00000e+00	0.00000e+00	0.00000e+00	0.00000e+00	0.00000e+00
1.85000e+02	1.86000e+02	0.00000e+00	5.80058e-19	6.55930e-10	0.00000e+00	0.00000e+00	0.00000e+00	0.00000e+00	0.00000e+00	0.00000e+00	0.00000e+00
1.86000e+02	1.87000e+02	0.00000e+00	2.35125e-19	3.97396e-10	0.00000e+00	0.00000e+00	0.00000e+00	0.00000e+00	0.00000e+00	0.00000e+00	0.00000e+00
1.87000e+02	1.88000e+02	0.00000e+00	9.40498e-20	2.39420e-10	0.00000e+00	0.00000e+00	0.00000e+00	0.00000e+00	0.00000e+00	0.00000e+00	0.00000e+00
1.88000e+02	1.89000e+02	0.00000e+00	3.13499e-20	1.43354e-10	0.00000e+00	0.00000e+00	0.00000e+00	0.00000e+00	0.00000e+00	0.00000e+00	0.00000e+00
1.89000e+02	1.90000e+02	0.00000e+00	1.56750e-20	8.52492e-11	0.00000e+00	0.00000e+00	0.00000e+00	0.00000e+00	0.00000e+00	0.00000e+00	0.00000e+00
1.90000e+02	1.91000e+02	0.00000e+00	0.00000e+00	5.03177e-11	0.00000e+00	0.00000e+00	0.00000e+00	0.00000e+00	0.00000e+00	0.00000e+00	0.00000e+00
1.91000e+02	1.92000e+02	0.00000e+00	0.00000e+00	2.94591e-11	0.00000e+00	0.00000e+00	0.00000e+00	0.00000e+00	0.00000e+00	0.00000e+00	0.00000e+00
1.92000e+02	1.93000e+02	0.00000e+00	0.00000e+00	1.70968e-11	0.00000e+00	0.00000e+00	0.00000e+00	0.00000e+00	0.00000e+00	0.00000e+00	0.00000e+00
1.93000e+02	1.94000e+02	0.00000e+00	0.00000e+00	9.82999e-12	0.00000e+00	0.00000e+00	0.00000e+00	0.00000e+00	0.00000e+00	0.00000e+00	0.00000e+00
1.94000e+02	1.95000e+02	0.00000e+00	0.00000e+00	5.59628e-12	0.00000e+00	0.00000e+00	0.00000e+00	0.00000e+00	0.00000e+00	0.00000e+00	0.00000e+00
1.95000e+02	1.96000e+02	0.00000e+00	0.00000e+00	3.15312e-12	0.00000e+00	0.00000e+00	0.00000e+00	0.00000e+00	0.00000e+00	0.00000e+00	0.00000e+00
1.96000e+02	1.97000e+02	0.00000e+00	0.00000e+00	1.75747e-12	0.00000e+00	0.00000e+00	0.00000e+00	0.00000e+00	0.00000e+00	0.00000e+00	0.00000e+00
1.97000e+02	1.98000e+02	0.00000e+00	0.00000e+00	9.68655e-13	0.00000e+00	0.00000e+00	0.00000e+00	0.00000e+00	0.00000e+00	0.00000e+00	0.00000e+00
1.98000e+02	1.99000e+02	0.00000e+00	0.00000e+00	5.27760e-13	0.00000e+00	0.00000e+00	0.00000e+00	0.00000e+00	0.00000e+00	0.00000e+00	0.00000e+00
1.99000e+02	2.00000e+02	0.00000e+00	0.00000e+00	2.84158e-13	0.00000e+00	0.00000e+00	0.00000e+00	0.00000e+00	0.00000e+00	0.00000e+00	0.00000e+00
