# {'G_min': 2.0385819687825073, 'S': 2.978311158958999, 'chi2r': 2.0722190449996942, 'w_tot': 0.9718582184278659, 'theta': 0.31, 'seed': 'reference', 'it_Gmin': 100, 'G_good': 2.0401889836869005, 'it_good': 44, 'is_uncoverged': False, 'savePath': 'result_ff99sb-disp', 'nSteps': 300, 'minimizer': 'L-BFGS-B', 'jac': True, 'fakeBounds': True, 'timeout': inf}
0 5.957458e-03
1 1.646077e-05
2 5.835915e-03
3 4.408114e-03
4 1.504712e-04
5 2.513517e-03
6 4.879505e-07
7 1.432708e-05
8 6.650350e-07
9 7.227277e-07
10 6.172306e-05
11 3.544322e-04
12 7.890476e-05
13 1.535718e-02
14 1.822921e-05
15 2.405048e-06
16 2.701499e-03
17 3.001327e-03
18 3.627308e-04
19 1.422188e-03
20 2.541353e-07
21 1.023625e-06
22 5.649169e-06
23 1.502373e-04
24 3.437561e-03
25 3.703455e-04
26 1.961815e-07
27 4.157282e-04
28 2.109422e-05
29 1.143674e-07
30 4.982425e-05
31 1.350051e-03
32 1.786802e-04
33 1.009996e-05
34 2.994862e-04
35 4.042045e-04
36 2.515353e-06
37 2.079919e-04
38 3.338738e-07
39 2.321253e-05
40 9.567984e-07
41 4.099840e-04
42 2.157212e-07
43 1.804810e-02
44 2.471409e-05
45 1.344321e-03
46 1.063884e-03
47 6.347459e-06
48 1.103118e-04
49 1.818387e-05
50 2.188360e-03
51 4.111501e-05
52 5.704015e-07
53 4.612762e-04
54 8.061662e-06
55 4.042672e-05
56 9.015798e-07
57 2.279025e-05
58 9.155790e-03
59 6.934561e-07
60 2.486651e-05
61 2.860016e-04
62 9.189069e-04
63 9.385812e-03
64 9.036495e-04
65 4.075913e-03
66 1.066676e-04
67 1.037227e-04
68 3.079826e-04
69 2.176454e-04
70 1.096340e-05
71 2.007830e-06
72 7.259488e-05
73 2.419958e-07
74 1.253884e-06
75 1.915254e-06
76 5.321056e-06
77 1.024530e-04
78 1.240883e-04
79 1.246655e-03
80 7.495274e-07
81 6.528161e-07
82 1.271476e-06
83 5.293635e-06
84 1.141484e-05
85 6.033105e-06
86 5.272670e-03
87 2.452242e-04
88 2.225393e-04
89 1.836629e-06
90 5.582539e-04
91 9.923781e-06
92 1.681971e-07
93 2.651646e-05
94 8.303071e-05
95 5.477889e-07
96 2.094342e-06
97 9.446107e-04
98 5.268364e-04
99 1.330010e-04
100 2.310447e-04
101 1.923600e-04
102 7.609031e-06
103 4.332474e-07
104 6.048069e-06
105 4.274039e-07
106 5.512523e-04
107 1.316378e-03
108 1.685488e-06
109 5.804496e-05
110 5.808029e-07
111 2.018522e-03
112 1.012624e-05
113 1.747090e-04
114 3.348662e-04
115 1.616717e-05
116 5.147849e-07
117 9.725860e-08
118 4.404046e-06
119 3.214347e-05
120 2.285179e-06
121 6.306826e-06
122 1.179895e-06
123 5.834366e-06
124 8.778129e-05
125 1.097277e-03
126 1.718629e-05
127 5.533951e-07
128 1.427457e-03
129 1.837637e-05
130 9.996047e-06
131 5.906226e-05
132 5.289187e-06
133 7.378805e-07
134 1.109130e-04
135 1.111256e-06
136 1.600132e-05
137 3.130051e-07
138 4.267590e-05
139 1.525383e-05
140 1.374427e-02
141 3.810850e-06
142 5.482812e-04
143 2.987541e-06
144 4.647490e-06
145 2.001193e-05
146 3.121920e-04
147 3.413517e-06
148 3.486640e-04
149 1.565668e-02
150 1.021745e-04
151 1.057675e-05
152 7.588663e-07
153 1.692406e-06
154 1.140383e-03
155 5.080272e-07
156 7.815383e-05
157 2.818747e-04
158 6.275114e-05
159 7.184450e-06
160 3.544410e-05
161 9.422397e-06
162 2.220846e-06
163 2.575521e-05
164 4.459627e-04
165 4.951582e-04
166 2.598720e-05
167 1.663442e-06
168 8.060590e-05
169 1.973224e-05
170 6.782752e-07
171 3.075587e-05
172 1.392940e-05
173 3.583648e-07
174 9.077547e-06
175 7.809584e-06
176 6.795613e-05
177 1.865147e-03
178 1.311947e-06
179 3.051205e-06
180 6.615069e-05
181 1.565431e-05
182 4.619494e-07
183 2.770930e-06
184 8.810947e-05
185 1.481214e-06
186 1.376717e-06
187 2.329374e-06
188 3.261734e-06
189 5.950657e-06
190 6.591718e-03
191 5.350622e-06
192 2.079602e-06
193 2.435680e-03
194 1.043591e-06
195 8.862446e-07
196 2.045187e-05
197 1.828232e-03
198 3.770775e-05
199 2.705038e-07
200 6.735603e-06
201 9.196873e-06
202 1.129576e-07
203 6.185902e-07
204 5.389484e-07
205 4.047856e-06
206 4.123576e-06
207 3.479943e-06
208 6.181596e-07
209 4.435221e-05
210 3.334037e-06
211 1.064435e-03
212 8.500817e-05
213 9.449062e-05
214 2.221428e-06
215 1.195196e-04
216 3.757045e-07
217 2.867181e-06
218 6.717993e-05
219 7.663467e-07
220 1.178623e-06
221 6.642764e-06
222 2.154495e-05
223 4.844939e-06
224 6.624542e-07
225 3.662939e-07
226 1.876419e-06
227 5.128612e-07
228 2.002871e-05
229 1.775539e-05
230 9.213853e-05
231 1.144977e-06
232 3.316073e-04
233 1.153195e-06
234 1.520237e-06
235 5.736489e-05
236 1.401656e-05
237 4.024263e-06
238 1.053155e-07
239 1.655133e-07
240 1.370540e-06
241 1.788129e-05
242 5.844954e-06
243 1.446386e-06
244 3.332908e-07
245 2.050470e-04
246 7.728483e-04
247 2.609765e-06
248 5.333754e-05
249 6.000640e-04
250 3.413727e-06
251 1.882126e-06
252 1.437741e-05
253 2.908517e-05
254 4.457780e-06
255 1.829259e-07
256 1.293258e-06
257 1.839899e-06
258 4.163407e-07
259 7.539517e-07
260 9.964451e-06
261 1.219147e-05
262 2.895529e-06
263 1.618762e-05
264 6.107414e-06
265 1.095276e-05
266 7.642170e-08
267 2.312073e-06
268 7.321108e-06
269 1.192896e-06
270 8.148262e-05
271 1.173542e-05
272 2.109108e-07
273 1.126546e-04
274 1.553887e-04
275 1.242714e-06
276 1.276886e-05
277 2.388007e-07
278 1.834399e-05
279 4.439511e-06
280 2.011414e-06
281 1.849673e-05
282 2.047759e-04
283 9.345464e-07
284 3.138487e-07
285 4.060979e-07
286 4.256629e-07
287 4.505731e-06
288 4.402557e-07
289 2.620856e-05
290 5.965665e-06
291 2.690254e-06
292 6.298675e-07
293 1.277191e-04
294 8.856885e-06
295 2.817996e-06
296 7.443393e-06
297 1.606101e-07
298 1.197420e-05
299 2.056429e-05
300 6.251434e-06
301 5.877237e-06
302 2.180467e-06
303 2.484533e-06
304 5.490741e-06
305 6.495280e-07
306 2.779254e-06
307 1.574323e-06
308 3.994308e-05
309 1.811408e-07
310 8.924849e-05
311 1.850384e-05
312 1.795499e-04
313 1.113105e-03
314 3.795357e-06
315 2.319945e-05
316 4.894499e-04
317 1.633014e-06
318 3.463038e-06
319 2.660202e-05
320 3.058382e-03
321 1.621351e-04
322 3.263186e-06
323 2.756911e-03
324 9.474671e-07
325 1.539127e-05
326 7.068107e-07
327 1.549906e-06
328 1.794726e-03
329 2.460142e-08
330 4.255421e-05
331 2.486285e-07
332 6.191107e-08
333 2.412025e-07
334 4.233159e-03
335 1.821799e-06
336 1.667919e-05
337 6.254483e-06
338 3.071648e-06
339 2.674373e-07
340 3.857163e-07
341 1.406213e-06
342 1.157930e-06
343 2.248098e-06
344 5.044693e-04
345 1.022012e-06
346 2.860304e-06
347 6.412123e-06
348 1.707641e-07
349 8.551380e-07
350 3.598205e-06
351 3.756709e-04
352 4.818348e-06
353 3.281883e-08
354 1.902822e-06
355 2.361684e-06
356 1.650638e-06
357 4.862229e-07
358 1.339461e-05
359 3.482100e-05
360 3.392300e-04
361 2.393333e-07
362 3.914277e-06
363 3.651231e-07
364 3.978576e-06
365 2.195795e-05
366 1.419854e-03
367 7.622561e-06
368 5.603395e-06
369 7.167024e-05
370 5.932626e-06
371 1.399891e-06
372 2.392206e-04
373 1.514945e-06
374 2.240367e-06
375 1.434150e-04
376 1.086153e-05
377 2.128380e-05
378 7.072196e-07
379 4.488601e-04
380 9.621673e-06
381 3.853760e-04
382 1.844675e-05
383 1.572415e-05
384 1.667295e-05
385 8.194873e-05
386 9.009680e-07
387 6.065466e-04
388 3.399062e-04
389 5.720386e-04
390 6.224544e-06
391 1.790622e-06
392 6.092302e-05
393 7.812681e-07
394 3.852508e-07
395 3.838179e-07
396 5.600927e-06
397 4.423959e-05
398 1.274465e-05
399 5.644734e-06
400 4.133065e-06
401 1.299779e-05
402 3.194836e-06
403 1.542781e-04
404 1.951154e-05
405 5.547945e-04
406 2.494047e-06
407 2.686949e-06
408 1.136357e-06
409 1.114715e-05
410 4.887472e-07
411 1.600896e-06
412 1.733319e-05
413 1.060758e-05
414 4.780956e-05
415 7.986112e-07
416 8.560312e-08
417 5.868893e-07
418 9.039147e-07
419 4.953707e-03
420 5.690722e-06
421 3.503732e-06
422 7.055394e-04
423 1.300346e-05
424 1.704629e-05
425 2.659977e-03
426 6.138786e-04
427 1.390000e-06
428 5.899171e-06
429 1.035232e-06
430 3.441871e-07
431 7.494734e-06
432 1.706947e-04
433 5.521506e-07
434 1.509132e-06
435 3.178402e-06
436 3.083978e-05
437 5.478288e-07
438 2.245445e-06
439 1.398101e-07
440 1.403395e-05
441 2.324245e-04
442 5.028902e-05
443 4.605416e-05
444 6.521459e-04
445 2.317922e-07
446 3.226392e-07
447 1.381799e-06
448 1.744627e-06
449 1.893815e-03
450 5.796010e-05
451 5.227092e-06
452 1.181239e-06
453 4.206187e-06
454 1.309339e-07
455 4.513124e-06
456 2.891260e-06
457 2.411857e-05
458 1.036092e-05
459 1.583202e-04
460 5.991833e-05
461 3.305379e-06
462 8.323250e-07
463 3.747417e-07
464 1.157167e-04
465 2.812586e-05
466 4.009601e-06
467 2.374834e-07
468 3.485953e-07
469 2.079985e-07
470 8.221260e-07
471 6.844313e-05
472 2.020226e-04
473 6.661546e-06
474 1.005299e-06
475 2.667424e-07
476 7.971616e-07
477 2.709514e-03
478 2.905268e-06
479 6.987081e-04
480 3.696010e-06
481 1.221195e-05
482 9.640244e-06
483 3.761647e-03
484 5.545812e-07
485 2.074307e-06
486 1.319719e-05
487 8.991894e-07
488 2.945685e-07
489 7.572064e-07
490 2.439063e-07
491 2.803298e-06
492 6.081657e-03
493 3.956881e-05
494 3.987101e-05
495 1.263600e-04
496 1.930866e-03
497 1.212498e-03
498 5.972930e-07
499 9.430078e-06
500 6.171351e-04
501 1.654811e-06
502 2.147776e-04
503 4.311493e-06
504 8.000307e-06
505 6.922539e-08
506 6.453403e-08
507 8.785883e-06
508 1.080538e-05
509 9.855782e-05
510 1.098597e-02
511 1.336709e-04
512 4.738299e-05
513 1.282357e-06
514 1.182340e-04
515 7.772411e-05
516 2.507854e-06
517 1.321984e-06
518 7.845145e-07
519 5.133173e-07
520 2.158635e-07
521 1.672586e-05
522 3.158270e-06
523 6.271468e-07
524 1.320838e-05
525 5.717250e-06
526 6.708412e-06
527 9.180578e-05
528 8.145511e-07
529 5.277537e-06
530 5.177896e-02
531 3.436044e-07
532 2.786013e-07
533 2.013738e-07
534 6.853947e-08
535 1.492186e-06
536 9.716141e-05
537 1.218949e-06
538 2.200024e-04
539 4.563666e-04
540 1.023254e-07
541 2.881425e-06
542 1.023847e-05
543 3.822335e-06
544 8.035624e-06
545 1.225586e-05
546 4.946474e-05
547 1.652775e-04
548 1.052431e-07
549 3.310831e-07
550 1.672598e-06
551 5.235100e-05
552 1.514126e-07
553 8.894622e-06
554 5.177043e-06
555 3.300544e-07
556 6.279383e-07
557 1.286952e-04
558 2.872900e-05
559 6.653328e-06
560 3.862622e-05
561 2.384849e-04
562 1.263105e-04
563 4.882985e-05
564 2.074286e-06
565 2.583889e-07
566 3.131255e-07
567 1.922745e-06
568 8.825539e-06
569 2.820395e-05
570 1.470777e-03
571 7.427290e-05
572 2.737466e-06
573 4.206567e-07
574 4.883638e-06
575 1.181223e-06
576 9.948671e-05
577 4.179990e-05
578 2.127927e-05
579 1.864801e-05
580 3.963690e-07
581 1.187727e-05
582 8.105323e-06
583 4.887052e-05
584 2.354674e-03
585 3.616530e-07
586 9.826195e-06
587 2.831227e-07
588 5.460859e-05
589 1.396869e-05
590 4.437929e-05
591 2.256175e-04
592 6.083477e-04
593 1.642746e-05
594 7.697737e-07
595 3.185343e-06
596 1.426616e-06
597 1.798368e-04
598 3.623155e-05
599 6.617341e-08
600 9.804096e-07
601 2.312768e-06
602 1.308428e-06
603 1.588508e-06
604 1.690035e-06
605 6.443690e-05
606 7.730295e-06
607 3.630996e-06
608 7.418134e-04
609 6.796021e-04
610 5.341897e-07
611 3.945397e-07
612 6.275245e-07
613 7.150406e-05
614 1.166734e-06
615 1.383256e-05
616 2.291272e-06
617 1.831354e-06
618 6.510439e-07
619 1.680021e-06
620 1.426614e-06
621 7.444436e-06
622 1.465097e-06
623 3.970297e-03
624 3.840179e-05
625 1.250004e-05
626 7.947937e-06
627 6.801734e-07
628 1.914234e-04
629 1.425040e-04
630 1.379450e-05
631 6.061530e-08
632 3.403207e-05
633 2.443584e-06
634 2.236950e-06
635 2.422994e-06
636 7.319985e-06
637 3.386792e-05
638 6.392024e-04
639 1.657604e-06
640 4.992661e-05
641 9.778411e-04
642 4.324087e-04
643 4.998820e-07
644 2.187635e-07
645 4.630088e-04
646 8.107579e-06
647 9.269502e-07
648 1.920579e-06
649 5.509349e-04
650 4.616458e-07
651 1.688965e-07
652 4.487669e-07
653 1.057365e-05
654 7.181550e-05
655 6.528626e-07
656 3.561920e-06
657 6.483903e-05
658 6.210509e-07
659 2.254601e-06
660 1.938923e-05
661 1.431985e-06
662 4.975858e-04
663 2.865964e-07
664 5.908539e-05
665 2.857952e-05
666 1.251078e-07
667 1.441707e-05
668 1.237087e-05
669 3.524918e-05
670 4.916743e-04
671 1.137550e-07
672 3.102847e-06
673 8.868596e-06
674 2.817569e-07
675 5.055299e-07
676 3.490356e-07
677 1.584291e-07
678 1.039689e-05
679 3.055594e-04
680 1.227842e-04
681 6.755671e-07
682 4.880406e-07
683 2.002725e-05
684 4.325931e-06
685 1.298199e-05
686 4.047415e-05
687 3.544648e-07
688 9.534716e-07
689 4.855199e-06
690 7.082790e-07
691 1.169957e-04
692 2.249288e-05
693 1.213454e-05
694 4.512072e-03
695 1.755572e-05
696 1.805733e-05
697 7.152144e-05
698 1.208226e-05
699 2.906402e-07
700 1.349061e-05
701 6.455519e-08
702 1.800114e-07
703 1.754411e-07
704 2.745884e-06
705 2.759628e-07
706 1.179567e-04
707 1.537150e-05
708 3.496775e-07
709 1.831635e-05
710 9.762737e-07
711 6.826626e-06
712 1.113510e-06
713 3.314712e-06
714 1.597162e-05
715 9.187140e-05
716 1.405394e-05
717 5.351894e-07
718 1.159013e-07
719 2.101820e-05
720 2.093554e-03
721 1.154738e-06
722 5.051119e-07
723 3.448674e-04
724 4.035184e-05
725 2.490176e-06
726 5.571364e-05
727 2.286041e-07
728 5.449658e-07
729 1.405626e-04
730 7.286305e-06
731 3.996023e-07
732 4.937184e-06
733 1.035271e-05
734 5.353477e-08
735 4.282864e-05
736 1.889920e-06
737 2.241830e-06
738 3.215691e-06
739 1.679683e-06
740 9.370552e-06
741 4.083051e-07
742 1.034240e-05
743 6.890777e-06
744 6.213746e-04
745 4.006974e-07
746 2.540338e-07
747 2.642410e-07
748 3.671022e-07
749 1.143245e-06
750 8.472579e-06
751 1.695772e-07
752 1.851674e-07
753 3.924803e-04
754 2.142718e-06
755 6.329954e-06
756 1.056709e-06
757 1.509717e-06
758 3.271324e-06
759 1.848610e-05
760 9.107355e-07
761 4.400909e-07
762 6.912203e-05
763 4.622428e-03
764 1.048561e-05
765 8.503447e-06
766 1.440780e-05
767 2.969635e-03
768 2.320923e-07
769 4.942293e-07
770 3.011089e-06
771 1.041882e-05
772 6.429128e-05
773 3.462005e-06
774 5.573698e-06
775 8.042819e-07
776 4.430770e-06
777 2.334554e-07
778 6.525517e-04
779 1.327613e-03
780 1.463748e-07
781 4.697108e-07
782 4.413666e-05
783 2.815544e-03
784 3.783904e-02
785 7.335843e-07
786 2.859693e-06
787 2.384768e-07
788 7.263239e-05
789 2.220355e-06
790 1.911224e-03
791 5.365988e-07
792 1.070761e-06
793 2.692274e-05
794 7.275026e-07
795 8.560048e-07
796 3.551505e-06
797 1.462913e-05
798 1.766467e-04
799 3.521861e-07
800 1.718840e-07
801 3.151857e-05
802 1.544798e-04
803 1.459469e-05
804 1.311678e-06
805 3.766979e-06
806 1.214170e-06
807 9.496035e-06
808 2.321132e-06
809 8.425460e-05
810 2.010752e-04
811 2.309361e-07
812 1.200694e-05
813 5.760511e-05
814 2.581029e-06
815 2.855781e-06
816 2.363807e-06
817 9.733783e-06
818 3.626996e-05
819 2.443888e-05
820 1.256533e-05
821 3.665651e-07
822 9.741442e-07
823 1.659737e-04
824 2.289346e-04
825 4.492535e-05
826 2.962583e-06
827 1.937740e-04
828 8.042546e-05
829 9.575457e-07
830 1.105398e-05
831 4.669041e-06
832 1.308577e-06
833 1.816503e-04
834 2.162775e-06
835 5.635326e-07
836 1.041690e-05
837 7.065367e-06
838 4.786172e-07
839 9.555233e-05
840 9.852838e-06
841 2.279461e-07
842 1.262965e-06
843 2.019445e-07
844 4.788158e-05
845 9.800476e-07
846 1.285340e-08
847 1.266664e-07
848 1.154072e-06
849 1.406532e-05
850 4.293604e-07
851 5.423476e-06
852 1.283140e-07
853 1.316949e-06
854 1.190912e-04
855 4.335527e-05
856 6.008365e-05
857 1.177492e-06
858 2.527478e-04
859 4.533985e-05
860 3.987317e-05
861 9.253399e-07
862 2.663419e-07
863 1.899255e-05
864 1.050663e-05
865 2.465373e-07
866 7.034477e-07
867 8.828286e-07
868 1.385956e-03
869 1.129848e-04
870 9.262870e-06
871 9.500283e-06
872 1.420138e-06
873 6.501594e-08
874 8.072605e-07
875 3.673447e-07
876 6.861806e-07
877 2.398397e-05
878 5.023857e-06
879 2.452486e-05
880 5.441842e-07
881 4.667472e-04
882 3.167626e-05
883 3.068901e-04
884 2.157124e-06
885 2.089268e-06
886 7.779496e-04
887 1.723675e-06
888 2.510897e-04
889 2.050660e-06
890 1.515271e-06
891 5.641130e-07
892 1.245065e-05
893 3.691766e-05
894 4.625670e-07
895 1.576218e-04
896 9.925150e-06
897 2.478527e-08
898 2.255932e-06
899 6.448848e-04
900 1.711034e-08
901 3.376844e-07
902 2.651539e-06
903 5.098993e-06
904 3.414961e-05
905 3.051519e-07
906 1.517760e-05
907 9.984952e-06
908 4.640289e-08
909 6.060610e-05
910 1.300300e-07
911 9.109924e-07
912 3.364983e-06
913 9.819766e-07
914 1.678731e-05
915 2.032184e-06
916 2.658376e-04
917 1.615824e-06
918 1.601672e-07
919 3.640145e-06
920 2.397759e-06
921 1.137936e-06
922 3.676385e-08
923 8.081006e-06
924 1.920712e-05
925 7.951830e-07
926 2.016226e-05
927 4.665621e-06
928 2.338877e-06
929 1.768035e-06
930 4.785891e-05
931 4.127500e-07
932 1.542945e-07
933 1.783507e-05
934 7.117091e-05
935 6.844929e-05
936 1.765002e-03
937 2.368177e-05
938 6.606113e-07
939 5.796152e-06
940 4.461023e-07
941 2.748883e-05
942 3.970505e-07
943 1.055694e-05
944 5.304744e-06
945 9.172320e-03
946 5.473223e-08
947 4.870601e-06
948 3.501721e-04
949 1.102055e-04
950 3.568963e-06
951 2.420963e-05
952 3.781109e-05
953 4.456052e-05
954 2.422167e-07
955 3.029153e-04
956 4.276965e-06
957 1.433093e-07
958 6.993302e-08
959 2.411897e-05
960 3.385428e-05
961 1.763083e-05
962 6.979198e-03
963 8.750686e-05
964 6.845172e-05
965 2.594196e-07
966 3.564033e-03
967 1.894872e-07
968 1.286332e-06
969 1.621680e-06
970 2.216155e-06
971 7.882780e-06
972 2.575523e-07
973 3.647007e-07
974 3.153857e-06
975 3.298508e-07
976 1.133452e-04
977 1.100907e-06
978 7.818984e-06
979 4.402177e-07
980 1.082668e-06
981 2.583044e-07
982 7.215698e-06
983 5.983037e-06
984 1.155441e-03
985 5.075128e-07
986 2.483307e-06
987 8.418296e-05
988 1.178033e-06
989 9.862130e-07
990 1.780561e-05
991 3.911135e-05
992 2.147121e-06
993 1.095868e-07
994 2.649719e-05
995 5.532013e-04
996 1.682782e-05
997 2.475250e-06
998 1.360175e-04
999 8.311821e-05
1000 6.328719e-06
1001 3.027629e-04
1002 2.969377e-07
1003 4.702315e-04
1004 1.169485e-05
1005 3.888953e-06
1006 1.013345e-06
1007 1.136665e-07
1008 6.122471e-06
1009 2.370184e-03
1010 1.000735e-04
1011 5.400125e-04
1012 5.282052e-05
1013 2.549764e-06
1014 2.559387e-06
1015 6.376520e-08
1016 2.379342e-07
1017 2.841371e-05
1018 1.819279e-05
1019 5.261884e-07
1020 1.442549e-04
1021 8.971213e-07
1022 1.334552e-06
1023 1.965158e-08
1024 2.926069e-07
1025 1.312493e-06
1026 4.119107e-07
1027 1.060180e-05
1028 2.191633e-07
1029 3.331835e-05
1030 6.330387e-07
1031 2.220010e-05
1032 7.847804e-07
1033 1.571881e-05
1034 3.104089e-04
1035 2.523363e-05
1036 1.695735e-04
1037 7.776632e-05
1038 2.593752e-05
1039 2.300796e-07
1040 3.523458e-06
1041 1.087852e-05
1042 6.462900e-05
1043 2.936387e-07
1044 2.059312e-06
1045 2.338500e-05
1046 4.385399e-05
1047 7.139193e-07
1048 5.947865e-07
1049 7.353276e-05
1050 5.387342e-06
1051 1.824949e-04
1052 3.374930e-06
1053 1.708557e-05
1054 6.437575e-05
1055 6.890441e-06
1056 5.189172e-04
1057 3.313269e-08
1058 1.538787e-04
1059 3.786937e-08
1060 1.132038e-06
1061 2.084052e-05
1062 4.288788e-06
1063 4.405337e-07
1064 1.154899e-05
1065 2.012693e-02
1066 1.413940e-06
1067 8.541214e-06
1068 4.843765e-05
1069 1.315105e-06
1070 1.657547e-08
1071 5.152322e-05
1072 1.069966e-06
1073 2.169028e-06
1074 4.732582e-05
1075 1.456845e-06
1076 1.939594e-06
1077 2.901902e-07
1078 2.904670e-07
1079 5.915652e-04
1080 3.046294e-07
1081 6.448557e-08
1082 1.238646e-05
1083 7.974175e-07
1084 7.807187e-04
1085 1.133300e-06
1086 6.214598e-04
1087 1.786162e-06
1088 2.910261e-06
1089 1.058485e-07
1090 1.457506e-06
1091 3.466083e-07
1092 2.375366e-06
1093 1.398573e-06
1094 1.538430e-04
1095 6.160128e-05
1096 6.228584e-08
1097 2.238563e-05
1098 1.377426e-04
1099 2.010698e-07
1100 5.449259e-06
1101 4.621929e-05
1102 7.213065e-06
1103 3.753594e-06
1104 1.923525e-07
1105 2.346461e-05
1106 1.727994e-06
1107 2.949133e-06
1108 2.369848e-04
1109 2.106839e-06
1110 3.685549e-07
1111 3.400594e-06
1112 6.394832e-07
1113 1.921318e-06
1114 4.018468e-07
1115 2.403874e-07
1116 4.685451e-07
1117 6.372674e-05
1118 6.030733e-07
1119 5.399259e-07
1120 3.888301e-07
1121 1.553557e-06
1122 1.080974e-06
1123 1.074011e-04
1124 2.447570e-05
1125 1.281555e-05
1126 1.424187e-04
1127 1.977041e-06
1128 1.405342e-06
1129 2.473076e-04
1130 8.625366e-06
1131 2.490236e-06
1132 3.512939e-06
1133 3.063872e-06
1134 1.237463e-06
1135 5.142335e-05
1136 5.027233e-07
1137 7.942906e-06
1138 3.097083e-05
1139 1.632641e-04
1140 6.714368e-04
1141 2.915283e-05
1142 2.881096e-06
1143 3.844082e-07
1144 9.280714e-07
1145 5.544720e-07
1146 6.892170e-07
1147 4.818861e-07
1148 1.454112e-05
1149 5.794716e-08
1150 3.828007e-06
1151 5.397729e-07
1152 2.721523e-07
1153 1.142129e-06
1154 4.345902e-05
1155 2.875799e-06
1156 8.527204e-06
1157 1.759632e-06
1158 4.881670e-04
1159 5.470933e-05
1160 7.083017e-05
1161 3.683147e-07
1162 5.792487e-06
1163 1.614368e-04
1164 1.634717e-06
1165 1.148276e-05
1166 1.293781e-07
1167 2.378724e-07
1168 1.462988e-05
1169 6.259018e-07
1170 3.121959e-06
1171 3.296465e-07
1172 2.919472e-07
1173 1.388725e-06
1174 7.614691e-06
1175 1.570077e-04
1176 1.618078e-03
1177 3.744945e-07
1178 1.075597e-05
1179 8.316231e-07
1180 7.063764e-07
1181 1.555278e-06
1182 7.283472e-08
1183 2.943941e-06
1184 4.141941e-06
1185 2.537754e-07
1186 7.321339e-05
1187 4.427888e-05
1188 3.413036e-05
1189 3.880263e-05
1190 7.911852e-07
1191 3.193792e-05
1192 3.055240e-05
1193 2.349582e-05
1194 5.130458e-07
1195 3.346520e-04
1196 2.850656e-07
1197 3.476463e-05
1198 9.375323e-08
1199 7.110064e-07
1200 6.861444e-07
1201 2.915373e-07
1202 3.638257e-07
1203 2.735133e-05
1204 6.673963e-06
1205 8.534244e-06
1206 4.653877e-08
1207 1.625491e-06
1208 4.118196e-06
1209 5.672883e-06
1210 3.195789e-05
1211 2.463930e-04
1212 4.691988e-04
1213 7.669107e-04
1214 9.767722e-07
1215 1.182405e-05
1216 1.353389e-06
1217 4.260594e-06
1218 4.398699e-05
1219 1.444773e-06
1220 4.789135e-05
1221 6.192945e-06
1222 3.398493e-07
1223 5.961011e-07
1224 8.832857e-07
1225 1.495324e-05
1226 1.244736e-05
1227 2.793470e-07
1228 7.796056e-08
1229 2.169330e-05
1230 3.409792e-07
1231 2.239235e-07
1232 2.694148e-07
1233 1.132230e-05
1234 1.239486e-05
1235 1.545957e-05
1236 8.322512e-06
1237 2.730634e-03
1238 3.312153e-05
1239 3.582265e-06
1240 4.991158e-07
1241 2.216329e-07
1242 5.363446e-05
1243 9.466082e-04
1244 3.277593e-04
1245 6.726519e-04
1246 1.111288e-05
1247 8.557273e-07
1248 1.844166e-06
1249 9.074436e-07
1250 1.163234e-06
1251 5.071636e-06
1252 7.023413e-07
1253 3.917494e-07
1254 9.926026e-07
1255 9.118804e-07
1256 1.060634e-05
1257 8.682381e-06
1258 9.518009e-06
1259 2.147845e-04
1260 3.321625e-08
1261 3.752765e-07
1262 5.152345e-07
1263 5.356430e-06
1264 1.688140e-06
1265 1.610714e-05
1266 5.325563e-05
1267 5.936225e-04
1268 1.880234e-05
1269 1.899714e-05
1270 2.591726e-07
1271 1.419364e-07
1272 4.106222e-03
1273 1.273315e-04
1274 1.035834e-05
1275 3.491873e-05
1276 6.786575e-05
1277 5.798520e-06
1278 2.071005e-05
1279 7.875632e-05
1280 2.112253e-05
1281 4.155964e-07
1282 4.491093e-05
1283 5.197113e-06
1284 1.480927e-05
1285 2.124822e-04
1286 3.553910e-06
1287 1.846198e-04
1288 9.005909e-06
1289 5.260344e-05
1290 2.278606e-06
1291 2.504276e-04
1292 3.320604e-07
1293 2.182406e-05
1294 6.749872e-06
1295 1.624190e-06
1296 3.652319e-07
1297 2.140710e-05
1298 7.241370e-05
1299 1.326821e-07
1300 4.452719e-07
1301 2.053754e-06
1302 2.115584e-06
1303 2.820679e-06
1304 1.225864e-07
1305 3.871043e-06
1306 3.959187e-06
1307 5.811162e-05
1308 1.027047e-06
1309 2.655354e-04
1310 1.465727e-06
1311 2.204501e-05
1312 1.313282e-06
1313 7.683385e-06
1314 5.517849e-06
1315 7.804941e-06
1316 3.952970e-08
1317 1.449429e-07
1318 2.895549e-07
1319 7.590505e-05
1320 9.873449e-06
1321 7.860342e-05
1322 1.106274e-05
1323 1.267494e-06
1324 4.889375e-05
1325 2.358337e-05
1326 1.471706e-07
1327 6.912668e-06
1328 6.613155e-06
1329 1.605510e-06
1330 3.410526e-06
1331 1.931623e-07
1332 1.209853e-06
1333 9.212687e-07
1334 2.730271e-06
1335 8.385311e-06
1336 1.050804e-05
1337 2.561553e-04
1338 1.109424e-04
1339 5.866437e-04
1340 1.244155e-06
1341 2.064651e-05
1342 3.686162e-04
1343 6.832895e-06
1344 5.919800e-06
1345 1.012994e-06
1346 3.032728e-06
1347 6.340645e-05
1348 1.679686e-04
1349 4.468841e-05
1350 2.004763e-05
1351 3.422101e-03
1352 2.945788e-06
1353 1.786951e-05
1354 2.349302e-06
1355 3.434551e-05
1356 5.258195e-07
1357 7.578651e-08
1358 4.550226e-07
1359 7.849476e-07
1360 5.268630e-07
1361 2.200084e-06
1362 4.561862e-06
1363 7.522608e-06
1364 1.574228e-06
1365 1.220363e-06
1366 4.718466e-07
1367 7.121230e-07
1368 9.980049e-08
1369 6.184030e-07
1370 1.421391e-04
1371 8.187229e-06
1372 9.525125e-07
1373 2.337790e-07
1374 4.735615e-07
1375 1.141630e-05
1376 7.774760e-06
1377 1.059006e-05
1378 8.356369e-06
1379 6.717989e-06
1380 3.176075e-07
1381 1.792471e-05
1382 5.528166e-07
1383 5.397304e-06
1384 1.268992e-05
1385 5.219194e-07
1386 4.463804e-06
1387 3.295532e-05
1388 3.263779e-06
1389 9.070728e-08
1390 7.028529e-07
1391 6.215756e-07
1392 1.918526e-07
1393 3.258180e-06
1394 5.130975e-05
1395 9.299779e-08
1396 3.954961e-04
1397 8.882305e-07
1398 1.938818e-04
1399 1.063812e-06
1400 9.565626e-07
1401 5.478574e-07
1402 1.634243e-07
1403 2.516750e-04
1404 8.765962e-05
1405 1.972137e-03
1406 3.849424e-06
1407 4.507604e-06
1408 3.381115e-07
1409 4.840713e-07
1410 8.799443e-07
1411 1.782843e-06
1412 1.394984e-06
1413 6.608571e-06
1414 4.891790e-06
1415 6.612520e-04
1416 1.607259e-06
1417 3.486784e-07
1418 5.386062e-06
1419 2.538856e-06
1420 2.620880e-07
1421 2.701959e-06
1422 1.128223e-04
1423 8.371738e-06
1424 8.460596e-05
1425 1.746438e-06
1426 7.528240e-07
1427 1.180206e-07
1428 4.543329e-06
1429 2.523333e-07
1430 5.019919e-07
1431 8.268494e-05
1432 1.702630e-05
1433 1.130249e-05
1434 8.826093e-08
1435 2.107474e-07
1436 1.860138e-05
1437 1.219413e-05
1438 1.195020e-04
1439 2.906669e-05
1440 7.756517e-08
1441 1.181799e-07
1442 2.467623e-04
1443 1.126205e-07
1444 1.851408e-07
1445 2.366764e-05
1446 1.178132e-06
1447 4.455702e-07
1448 5.569745e-07
1449 3.133527e-08
1450 2.462743e-07
1451 1.212723e-06
1452 1.148038e-07
1453 5.354255e-05
1454 5.936200e-07
1455 2.023753e-04
1456 4.419433e-06
1457 2.664217e-04
1458 1.974529e-05
1459 8.365035e-06
1460 9.359291e-03
1461 2.922299e-04
1462 2.525440e-04
1463 3.511568e-06
1464 2.154867e-08
1465 6.390669e-05
1466 1.203812e-06
1467 5.089374e-06
1468 1.507740e-06
1469 3.369822e-07
1470 3.120204e-07
1471 1.723063e-06
1472 1.964091e-05
1473 2.429688e-06
1474 1.087552e-05
1475 1.044812e-06
1476 1.594031e-05
1477 4.857900e-06
1478 6.220083e-05
1479 4.942014e-03
1480 2.298531e-05
1481 1.203855e-06
1482 1.018831e-03
1483 2.550705e-06
1484 2.156406e-06
1485 8.047833e-07
1486 9.138341e-07
1487 3.877047e-07
1488 1.859519e-05
1489 5.725976e-05
1490 2.190993e-06
1491 8.486394e-07
1492 2.499208e-03
1493 2.590192e-06
1494 1.552655e-05
1495 1.761711e-06
1496 7.288337e-07
1497 1.924152e-07
1498 6.889979e-06
1499 6.000688e-06
1500 6.569627e-03
1501 1.374511e-06
1502 5.767965e-07
1503 5.810600e-07
1504 2.378782e-06
1505 3.599601e-06
1506 1.468129e-06
1507 2.269207e-04
1508 3.014449e-05
1509 1.188089e-05
1510 1.331986e-07
1511 1.032588e-07
1512 1.685239e-06
1513 1.546990e-06
1514 5.582671e-07
1515 7.339267e-07
1516 6.701109e-08
1517 6.824728e-07
1518 1.466595e-07
1519 8.565955e-08
1520 3.061966e-04
1521 1.373591e-06
1522 2.603907e-06
1523 2.151936e-05
1524 7.553617e-06
1525 5.562805e-05
1526 1.060579e-06
1527 5.977294e-07
1528 1.522259e-06
1529 8.598496e-07
1530 2.759810e-05
1531 2.478006e-06
1532 6.445695e-05
1533 6.868727e-05
1534 2.892505e-03
1535 1.698417e-06
1536 2.546759e-07
1537 3.988705e-04
1538 3.078374e-05
1539 1.691503e-05
1540 5.759930e-07
1541 3.823943e-07
1542 4.834768e-06
1543 4.777290e-06
1544 3.704582e-04
1545 8.714349e-05
1546 2.316181e-05
1547 3.667185e-04
1548 3.979521e-07
1549 1.542328e-06
1550 8.637110e-07
1551 2.602203e-06
1552 5.558467e-07
1553 1.738854e-06
1554 6.087723e-07
1555 1.449555e-06
1556 1.613555e-05
1557 2.872840e-06
1558 3.957769e-06
1559 8.496938e-07
1560 5.123978e-06
1561 4.285037e-07
1562 9.361606e-07
1563 1.145533e-06
1564 4.195550e-07
1565 7.097775e-05
1566 2.481011e-04
1567 1.040332e-03
1568 1.447097e-07
1569 6.887472e-07
1570 2.680474e-07
1571 4.741738e-07
1572 1.199319e-05
1573 6.035099e-06
1574 6.213153e-07
1575 5.666314e-06
1576 5.023066e-05
1577 5.339522e-04
1578 8.540445e-06
1579 2.017243e-07
1580 5.482097e-07
1581 1.957380e-07
1582 3.888333e-08
1583 1.778128e-07
1584 1.228396e-06
1585 6.904115e-07
1586 5.996658e-08
1587 6.017354e-06
1588 3.148085e-05
1589 2.119720e-05
1590 4.436521e-04
1591 9.716648e-06
1592 2.207560e-06
1593 3.766171e-05
1594 5.410153e-07
1595 4.068450e-06
1596 7.475415e-08
1597 7.323761e-06
1598 1.461594e-06
1599 9.884728e-07
1600 5.826131e-08
1601 2.417360e-06
1602 2.466725e-06
1603 4.175937e-06
1604 2.233446e-06
1605 4.222262e-07
1606 5.358534e-06
1607 1.306081e-05
1608 6.042268e-08
1609 2.117513e-05
1610 1.671051e-04
1611 2.297264e-06
1612 3.308005e-06
1613 1.051127e-06
1614 2.804015e-07
1615 3.601065e-06
1616 3.755970e-07
1617 3.095094e-05
1618 2.221038e-05
1619 7.034308e-05
1620 4.234590e-05
1621 5.925295e-07
1622 3.708256e-06
1623 1.325156e-05
1624 2.622032e-06
1625 4.700279e-05
1626 1.603374e-04
1627 4.299198e-07
1628 6.443266e-07
1629 3.191061e-07
1630 1.359698e-06
1631 2.743493e-07
1632 4.635336e-07
1633 1.061639e-03
1634 1.476574e-05
1635 2.952913e-05
1636 8.950445e-05
1637 9.265260e-08
1638 7.056842e-05
1639 3.024363e-06
1640 4.745068e-06
1641 3.752647e-06
1642 2.006045e-07
1643 2.379913e-06
1644 6.451497e-07
1645 5.803638e-06
1646 1.460020e-04
1647 1.301392e-05
1648 4.820376e-08
1649 2.067834e-05
1650 1.571687e-05
1651 3.837421e-06
1652 1.083136e-05
1653 3.161811e-07
1654 7.226501e-07
1655 4.361184e-07
1656 2.935614e-07
1657 1.286097e-07
1658 1.273452e-07
1659 1.261942e-06
1660 1.282786e-06
1661 3.045402e-06
1662 4.659282e-06
1663 5.109505e-06
1664 7.267380e-06
1665 5.111258e-07
1666 2.901172e-06
1667 4.435028e-06
1668 7.041063e-04
1669 4.814123e-08
1670 2.532460e-07
1671 4.122787e-07
1672 2.436263e-06
1673 6.624602e-07
1674 2.185807e-06
1675 4.172799e-07
1676 6.229666e-07
1677 1.193393e-06
1678 1.468735e-06
1679 2.944274e-05
1680 4.655375e-05
1681 1.679114e-06
1682 2.952012e-06
1683 6.440233e-06
1684 3.075489e-07
1685 2.498792e-07
1686 9.931632e-07
1687 4.314502e-05
1688 9.600689e-07
1689 1.846699e-04
1690 3.770501e-06
1691 2.174188e-04
1692 1.556615e-06
1693 1.444749e-06
1694 1.649509e-06
1695 1.854239e-04
1696 1.957079e-05
1697 3.783205e-07
1698 1.027196e-05
1699 4.179750e-07
1700 2.720357e-07
1701 1.859817e-05
1702 3.737836e-07
1703 1.520654e-06
1704 9.151170e-08
1705 2.604507e-07
1706 1.043388e-05
1707 1.045817e-06
1708 7.905028e-07
1709 1.247011e-06
1710 2.047075e-07
1711 3.354841e-07
1712 1.780855e-05
1713 7.416738e-07
1714 1.186113e-06
1715 1.080510e-05
1716 6.108417e-04
1717 1.004322e-03
1718 2.599178e-05
1719 2.408879e-04
1720 3.377966e-04
1721 2.882552e-05
1722 1.340179e-06
1723 4.961001e-04
1724 1.539561e-05
1725 3.312149e-05
1726 5.259816e-05
1727 3.418252e-03
1728 4.247088e-07
1729 9.762540e-07
1730 1.693683e-05
1731 1.395096e-05
1732 6.591957e-06
1733 2.660604e-05
1734 3.662117e-06
1735 2.648898e-04
1736 5.593698e-07
1737 2.693390e-07
1738 1.604013e-07
1739 4.051021e-05
1740 1.376488e-06
1741 4.033108e-07
1742 3.526862e-05
1743 1.680192e-05
1744 2.034017e-04
1745 1.011076e-06
1746 3.792479e-07
1747 4.981318e-06
1748 4.950372e-06
1749 9.165899e-07
1750 4.585599e-06
1751 4.079929e-07
1752 6.113667e-08
1753 4.354550e-08
1754 8.772909e-05
1755 7.039533e-05
1756 2.876670e-06
1757 5.961932e-08
1758 1.748264e-06
1759 7.923365e-05
1760 4.587101e-07
1761 3.393389e-06
1762 2.348201e-04
1763 1.806970e-06
1764 1.034521e-06
1765 1.254767e-06
1766 2.589498e-06
1767 1.225115e-06
1768 1.040296e-06
1769 7.588326e-07
1770 8.160755e-04
1771 1.119606e-05
1772 9.425766e-07
1773 2.443017e-05
1774 2.429404e-05
1775 1.711865e-07
1776 1.902073e-06
1777 9.449638e-07
1778 5.868847e-06
1779 6.152444e-06
1780 1.089678e-06
1781 5.937555e-07
1782 1.671850e-05
1783 3.237588e-08
1784 8.438249e-07
1785 4.082586e-07
1786 4.555841e-07
1787 5.404953e-07
1788 9.623192e-07
1789 3.358514e-07
1790 6.466329e-08
1791 4.181148e-06
1792 3.679693e-06
1793 3.419478e-07
1794 9.878100e-06
1795 6.443904e-05
1796 7.090851e-06
1797 3.735357e-04
1798 1.136387e-06
1799 7.825125e-06
1800 5.889922e-08
1801 3.892776e-08
1802 1.795128e-04
1803 2.609847e-05
1804 1.403751e-06
1805 9.900776e-05
1806 8.080222e-07
1807 2.132871e-07
1808 3.870032e-07
1809 1.743428e-06
1810 9.987959e-06
1811 6.373235e-06
1812 2.707158e-05
1813 4.658192e-06
1814 9.303425e-07
1815 2.537397e-07
1816 3.001810e-08
1817 4.194410e-07
1818 9.732464e-05
1819 4.613270e-05
1820 1.235221e-06
1821 1.904014e-06
1822 2.504890e-06
1823 1.403102e-06
1824 2.949958e-08
1825 3.709604e-04
1826 2.224410e-05
1827 5.370886e-05
1828 1.803292e-06
1829 1.643215e-05
1830 2.215306e-05
1831 3.807285e-06
1832 1.277773e-05
1833 1.864337e-07
1834 1.136710e-06
1835 9.450582e-06
1836 2.604431e-02
1837 5.122970e-08
1838 9.641813e-08
1839 5.788652e-06
1840 4.271821e-06
1841 8.160969e-07
1842 4.204186e-04
1843 8.978107e-06
1844 1.231600e-04
1845 7.080744e-07
1846 3.743820e-07
1847 6.097928e-07
1848 3.907705e-03
1849 9.081064e-06
1850 7.165215e-06
1851 2.862020e-04
1852 2.240945e-05
1853 3.176992e-04
1854 1.111126e-04
1855 2.388192e-07
1856 7.389512e-07
1857 2.778025e-06
1858 1.744665e-05
1859 5.722081e-06
1860 3.274159e-06
1861 1.765615e-07
1862 3.914842e-07
1863 2.620547e-07
1864 1.130249e-07
1865 7.392450e-08
1866 1.289161e-07
1867 5.454689e-06
1868 2.512032e-06
1869 7.671840e-04
1870 5.622378e-04
1871 1.090635e-04
1872 6.962005e-05
1873 1.837855e-07
1874 1.332238e-04
1875 3.294037e-07
1876 2.954723e-07
1877 2.839214e-05
1878 1.736733e-06
1879 3.313924e-06
1880 1.248523e-04
1881 3.990589e-06
1882 4.094759e-07
1883 1.213926e-05
1884 8.686636e-03
1885 6.608031e-07
1886 3.882225e-07
1887 1.164022e-06
1888 5.086154e-07
1889 6.710843e-07
1890 1.009174e-06
1891 1.127522e-07
1892 3.810543e-06
1893 5.703204e-07
1894 4.006321e-06
1895 5.920184e-06
1896 3.159101e-05
1897 6.972541e-06
1898 9.663456e-03
1899 7.895967e-07
1900 9.184263e-06
1901 9.257349e-06
1902 5.419462e-07
1903 1.666593e-06
1904 5.836680e-06
1905 2.038812e-04
1906 4.547767e-07
1907 2.565238e-06
1908 1.695388e-06
1909 4.030620e-07
1910 4.647165e-08
1911 7.534936e-08
1912 4.118101e-06
1913 1.372965e-04
1914 3.909134e-05
1915 7.367458e-06
1916 4.031747e-05
1917 9.474143e-07
1918 6.566050e-08
1919 3.629509e-06
1920 1.379040e-06
1921 9.112513e-08
1922 1.457724e-06
1923 1.729380e-04
1924 1.502737e-05
1925 1.229110e-06
1926 5.391304e-07
1927 5.983643e-06
1928 1.489322e-06
1929 3.250718e-05
1930 7.237072e-07
1931 1.726795e-06
1932 1.558544e-06
1933 1.723812e-08
1934 2.931548e-05
1935 1.613404e-06
1936 2.249521e-07
1937 5.855100e-07
1938 1.277377e-05
1939 3.168880e-06
1940 6.934401e-07
1941 1.974400e-07
1942 1.800510e-05
1943 9.066734e-04
1944 3.073692e-04
1945 7.704043e-07
1946 7.506185e-06
1947 1.434406e-06
1948 2.597621e-07
1949 2.779876e-07
1950 2.591796e-07
1951 7.627754e-06
1952 1.363170e-04
1953 9.559783e-06
1954 6.014602e-04
1955 2.598562e-07
1956 1.592908e-05
1957 4.068730e-03
1958 8.791623e-08
1959 1.741544e-06
1960 4.259086e-05
1961 2.348884e-06
1962 1.988100e-05
1963 1.339188e-06
1964 1.242251e-06
1965 4.303521e-07
1966 4.919801e-07
1967 1.097622e-07
1968 8.358791e-05
1969 1.056430e-04
1970 4.334994e-07
1971 4.353958e-07
1972 7.601112e-07
1973 1.123002e-04
1974 2.563863e-06
1975 3.568712e-07
1976 4.924811e-05
1977 1.263032e-04
1978 5.244593e-08
1979 1.425769e-06
1980 5.745263e-08
1981 4.416397e-06
1982 1.029542e-06
1983 1.138016e-06
1984 4.240283e-07
1985 7.572840e-08
1986 3.746120e-07
1987 7.787278e-05
1988 1.250076e-04
1989 2.366594e-06
1990 1.936659e-04
1991 1.246936e-07
1992 1.684653e-05
1993 9.032582e-06
1994 1.795760e-04
1995 1.436215e-04
1996 3.476584e-06
1997 7.128702e-08
1998 2.606945e-05
1999 1.049534e-06
2000 2.757755e-06
2001 5.730594e-07
2002 8.770017e-07
2003 1.250450e-06
2004 2.989472e-07
2005 2.452852e-07
2006 2.960409e-05
2007 5.678100e-07
2008 1.786048e-06
2009 4.164200e-07
2010 7.932467e-06
2011 8.967457e-04
2012 2.513738e-06
2013 1.946197e-05
2014 2.498733e-06
2015 4.786046e-06
2016 2.402576e-07
2017 2.400501e-05
2018 4.431163e-06
2019 1.863306e-06
2020 1.545481e-06
2021 6.761592e-07
2022 2.777205e-06
2023 1.310108e-07
2024 3.484852e-07
2025 3.729636e-08
2026 1.540322e-06
2027 2.201018e-06
2028 8.861411e-04
2029 9.877664e-06
2030 1.764870e-04
2031 4.011002e-06
2032 1.118885e-05
2033 2.074218e-04
2034 2.823607e-04
2035 2.789304e-05
2036 1.705080e-06
2037 1.752259e-06
2038 1.435491e-06
2039 2.850960e-07
2040 4.411550e-06
2041 1.148836e-07
2042 3.694955e-05
2043 1.200115e-07
2044 1.516878e-06
2045 1.368204e-07
2046 5.874503e-07
2047 3.712853e-07
2048 3.276620e-06
2049 1.786367e-06
2050 9.002261e-06
2051 1.010062e-04
2052 6.561857e-07
2053 2.573478e-07
2054 1.832560e-06
2055 2.838232e-07
2056 1.088378e-04
2057 3.634811e-05
2058 2.588122e-04
2059 5.769606e-07
2060 1.547547e-07
2061 9.255784e-06
2062 1.110895e-06
2063 3.607593e-08
2064 1.254864e-06
2065 2.663273e-07
2066 1.691807e-07
2067 4.462432e-08
2068 1.725600e-07
2069 1.057134e-07
2070 4.688338e-06
2071 9.756238e-07
2072 5.381345e-05
2073 4.106139e-04
2074 1.911530e-04
2075 2.726846e-05
2076 2.282506e-04
2077 1.113983e-06
2078 7.529001e-06
2079 5.482992e-04
2080 9.858952e-07
2081 5.397729e-07
2082 8.251367e-05
2083 4.088155e-08
2084 2.394065e-06
2085 2.003707e-04
2086 5.878115e-07
2087 1.662990e-06
2088 3.409809e-06
2089 5.975783e-06
2090 8.485492e-06
2091 1.227402e-05
2092 1.590835e-06
2093 7.415731e-07
2094 1.044777e-05
2095 3.073200e-06
2096 6.246705e-05
2097 8.630110e-06
2098 8.803783e-04
2099 7.805452e-07
2100 1.123760e-06
2101 1.015895e-06
2102 2.020665e-07
2103 4.689297e-07
2104 2.582096e-07
2105 3.514139e-07
2106 3.789551e-07
2107 4.663526e-06
2108 3.859470e-06
2109 4.354207e-06
2110 8.186690e-06
2111 4.283989e-05
2112 3.312937e-05
2113 1.178288e-04
2114 3.716646e-04
2115 1.169055e-05
2116 5.626380e-07
2117 5.679682e-07
2118 1.365044e-07
2119 3.302348e-07
2120 1.461850e-04
2121 3.164655e-06
2122 2.516845e-05
2123 6.202654e-05
2124 1.603464e-06
2125 3.826048e-06
2126 1.897755e-05
2127 7.071683e-07
2128 8.178238e-06
2129 2.528124e-07
2130 1.027928e-06
2131 1.855530e-04
2132 1.279639e-06
2133 9.793669e-05
2134 3.652291e-06
2135 4.148338e-06
2136 6.548898e-06
2137 9.831015e-06
2138 3.053586e-05
2139 4.193084e-06
2140 1.160155e-05
2141 7.367507e-06
2142 5.441052e-08
2143 3.225033e-06
2144 6.106512e-07
2145 7.567753e-07
2146 1.075551e-05
2147 3.655858e-07
2148 4.772688e-07
2149 1.854401e-05
2150 4.752928e-07
2151 1.288267e-07
2152 1.266866e-05
2153 9.321854e-07
2154 1.662410e-05
2155 4.817944e-05
2156 1.195759e-07
2157 4.835320e-05
2158 3.200451e-06
2159 1.460295e-04
2160 1.735967e-05
2161 3.488879e-05
2162 2.112036e-04
2163 6.586636e-05
2164 2.829516e-05
2165 3.711488e-03
2166 2.743672e-07
2167 2.371224e-07
2168 4.286100e-07
2169 4.221643e-05
2170 2.412055e-05
2171 1.458294e-06
2172 3.720717e-07
2173 5.008303e-05
2174 2.029242e-05
2175 4.262896e-07
2176 2.000083e-05
2177 8.386824e-07
2178 1.718646e-05
2179 1.445570e-04
2180 7.281500e-05
2181 2.373013e-07
2182 4.862435e-07
2183 1.551646e-06
2184 6.364322e-05
2185 4.276673e-05
2186 2.674745e-05
2187 5.217535e-06
2188 1.853740e-05
2189 1.124948e-06
2190 6.838443e-07
2191 1.995837e-05
2192 7.213223e-07
2193 4.136037e-06
2194 2.885135e-07
2195 1.718785e-07
2196 4.135119e-07
2197 1.569213e-04
2198 7.362916e-06
2199 3.483939e-06
2200 1.261037e-05
2201 2.553788e-05
2202 1.538535e-05
2203 8.314352e-07
2204 2.785731e-08
2205 2.304494e-06
2206 1.869276e-06
2207 4.165450e-07
2208 4.143879e-08
2209 7.910790e-07
2210 5.464256e-05
2211 2.838717e-05
2212 1.051636e-06
2213 9.028258e-07
2214 2.566217e-06
2215 3.009637e-06
2216 3.775319e-05
2217 4.709785e-07
2218 1.149809e-07
2219 7.345433e-07
2220 2.880052e-07
2221 1.575001e-05
2222 8.420488e-04
2223 1.040952e-06
2224 1.523378e-05
2225 4.457571e-06
2226 1.634082e-05
2227 2.643523e-07
2228 1.291066e-05
2229 5.966999e-05
2230 2.438742e-06
2231 2.674512e-03
2232 1.169146e-07
2233 4.558617e-08
2234 4.901684e-06
2235 1.007290e-05
2236 1.212323e-05
2237 6.406684e-06
2238 2.410980e-05
2239 3.075457e-07
2240 6.550086e-07
2241 5.179196e-05
2242 9.029325e-06
2243 4.743190e-05
2244 1.805160e-05
2245 6.153879e-06
2246 7.051267e-05
2247 1.564508e-05
2248 1.284359e-05
2249 5.641131e-07
2250 1.220524e-06
2251 2.069668e-06
2252 5.090095e-07
2253 9.092555e-07
2254 5.915583e-07
2255 6.218291e-07
2256 9.980856e-07
2257 1.600662e-05
2258 1.060337e-03
2259 5.289552e-05
2260 1.512279e-05
2261 8.813794e-06
2262 4.870929e-04
2263 1.135076e-05
2264 6.917775e-05
2265 1.142265e-05
2266 8.873435e-07
2267 3.407215e-07
2268 1.925301e-04
2269 7.562657e-06
2270 1.981014e-05
2271 5.458857e-07
2272 2.915378e-06
2273 8.040859e-06
2274 3.788354e-06
2275 2.086439e-06
2276 2.034788e-06
2277 2.167849e-07
2278 1.659163e-02
2279 4.404173e-04
2280 1.575751e-06
2281 9.258827e-07
2282 1.996505e-07
2283 7.479550e-07
2284 8.323137e-07
2285 4.241534e-07
2286 4.367427e-06
2287 2.672519e-05
2288 6.415573e-06
2289 2.115962e-06
2290 5.403235e-07
2291 3.668330e-05
2292 3.855076e-05
2293 5.954605e-08
2294 4.981611e-05
2295 3.190663e-07
2296 1.124035e-04
2297 5.763401e-07
2298 8.435920e-06
2299 1.851754e-05
2300 4.029559e-05
2301 1.130591e-05
2302 2.217397e-05
2303 2.693750e-06
2304 8.028931e-05
2305 5.070669e-06
2306 2.400452e-07
2307 6.921979e-07
2308 1.671354e-07
2309 2.192991e-05
2310 6.519235e-07
2311 5.907148e-07
2312 6.440860e-06
2313 9.308316e-06
2314 3.303781e-07
2315 7.018813e-06
2316 5.344548e-06
2317 4.046992e-06
2318 1.096815e-03
2319 1.716727e-06
2320 7.837636e-05
2321 3.008318e-06
2322 6.646549e-07
2323 1.180808e-06
2324 3.362950e-07
2325 9.104102e-08
2326 1.325922e-06
2327 4.456733e-07
2328 2.761714e-06
2329 3.220762e-05
2330 2.106347e-05
2331 3.697448e-04
2332 1.090633e-05
2333 4.750845e-07
2334 4.048550e-08
2335 2.661804e-07
2336 4.007992e-07
2337 1.416856e-06
2338 1.014588e-05
2339 1.975601e-06
2340 1.574277e-05
2341 1.236652e-06
2342 2.570798e-07
2343 4.322871e-07
2344 3.284952e-06
2345 4.554227e-08
2346 4.894828e-08
2347 1.660047e-06
2348 1.033140e-05
2349 7.872128e-07
2350 8.918262e-07
2351 4.134646e-06
2352 1.557919e-05
2353 4.869580e-05
2354 7.642562e-07
2355 1.485949e-07
2356 3.748277e-07
2357 7.928326e-07
2358 8.469254e-06
2359 4.018078e-05
2360 3.010818e-06
2361 6.364591e-04
2362 3.889510e-05
2363 1.424545e-04
2364 2.426104e-06
2365 1.970967e-05
2366 3.315494e-06
2367 2.425737e-07
2368 8.793263e-08
2369 2.799205e-07
2370 5.138830e-06
2371 8.153280e-06
2372 3.514070e-07
2373 5.454300e-07
2374 3.480003e-06
2375 2.818690e-04
2376 3.134199e-06
2377 9.013760e-05
2378 1.987975e-07
2379 6.983597e-05
2380 1.678711e-06
2381 6.366681e-05
2382 4.229908e-06
2383 1.132120e-07
2384 1.630055e-07
2385 4.326718e-07
2386 3.111689e-07
2387 2.806912e-04
2388 4.133089e-05
2389 6.585619e-05
2390 1.862477e-05
2391 1.643080e-05
2392 3.790503e-07
2393 1.477918e-05
2394 6.783710e-07
2395 1.708868e-05
2396 2.902955e-06
2397 1.164763e-05
2398 5.684402e-07
2399 2.713362e-07
2400 3.321914e-05
2401 1.885434e-06
2402 4.744103e-05
2403 1.440653e-05
2404 5.044603e-07
2405 6.363214e-07
2406 9.130499e-07
2407 6.930203e-08
2408 3.112862e-07
2409 3.994858e-03
2410 1.322121e-07
2411 1.424167e-04
2412 1.235102e-07
2413 1.211332e-05
2414 1.192715e-04
2415 4.916114e-04
2416 1.555950e-05
2417 3.146157e-06
2418 5.611118e-07
2419 1.509092e-07
2420 6.001337e-07
2421 8.345851e-05
2422 5.670118e-06
2423 1.441081e-05
2424 8.841570e-07
2425 3.102308e-07
2426 1.085265e-05
2427 5.191041e-06
2428 4.228349e-05
2429 1.599815e-05
2430 1.161168e-06
2431 3.350437e-04
2432 2.826293e-07
2433 9.107361e-06
2434 1.227401e-06
2435 3.151249e-06
2436 6.452500e-04
2437 2.010075e-06
2438 6.343459e-07
2439 3.028770e-07
2440 6.029005e-06
2441 8.639633e-03
2442 5.581330e-05
2443 3.179545e-05
2444 2.818731e-05
2445 5.826336e-06
2446 4.090175e-07
2447 1.117433e-05
2448 1.467691e-07
2449 6.501518e-07
2450 2.078540e-06
2451 1.469523e-07
2452 2.196879e-07
2453 1.501801e-07
2454 8.882564e-07
2455 1.470381e-07
2456 5.164981e-04
2457 1.891876e-06
2458 2.072733e-06
2459 5.951436e-04
2460 2.562305e-05
2461 4.348698e-05
2462 9.159864e-08
2463 1.607188e-06
2464 1.166889e-06
2465 3.749551e-06
2466 1.052848e-07
2467 6.483929e-07
2468 5.231808e-07
2469 1.736402e-06
2470 4.553698e-06
2471 6.217213e-04
2472 1.566639e-06
2473 7.237918e-06
2474 7.356600e-04
2475 6.903704e-04
2476 3.422929e-08
2477 5.776468e-07
2478 1.950506e-07
2479 1.422949e-05
2480 3.606456e-07
2481 2.363366e-05
2482 1.454578e-07
2483 3.049723e-07
2484 3.723510e-07
2485 8.922403e-07
2486 7.676839e-07
2487 2.903762e-07
2488 3.211655e-08
2489 2.888366e-08
2490 3.057387e-06
2491 1.678166e-05
2492 3.951797e-06
2493 2.790863e-05
2494 1.092675e-06
2495 8.059566e-05
2496 1.150707e-05
2497 4.508483e-06
2498 5.656131e-07
2499 1.658216e-06
2500 8.204029e-06
2501 9.811422e-06
2502 1.314090e-07
2503 2.207342e-04
2504 6.638531e-04
2505 5.569694e-07
2506 1.425307e-06
2507 3.757084e-07
2508 2.387789e-07
2509 6.285344e-08
2510 3.224120e-06
2511 1.328217e-05
2512 3.483039e-07
2513 1.354602e-06
2514 3.565076e-06
2515 1.689866e-04
2516 3.349578e-03
2517 1.998287e-05
2518 2.177316e-07
2519 1.561418e-05
2520 9.352941e-06
2521 8.182615e-07
2522 2.071578e-06
2523 8.339557e-08
2524 1.066831e-07
2525 1.030382e-04
2526 3.289136e-07
2527 3.483181e-05
2528 2.382431e-04
2529 3.217473e-06
2530 8.173000e-08
2531 6.054838e-07
2532 4.954963e-05
2533 6.034340e-07
2534 1.653663e-05
2535 1.405763e-05
2536 9.014812e-05
2537 3.837542e-04
2538 1.514348e-04
2539 3.001432e-08
2540 1.559301e-07
2541 3.145772e-06
2542 5.740716e-06
2543 2.825185e-06
2544 1.212023e-06
2545 3.186427e-06
2546 1.637666e-07
2547 3.973254e-05
2548 2.673779e-06
2549 3.632118e-06
2550 6.021083e-05
2551 4.279629e-06
2552 2.622789e-07
2553 3.339473e-05
2554 4.923349e-07
2555 1.419021e-07
2556 2.427426e-06
2557 9.311439e-06
2558 7.347101e-06
2559 1.939472e-05
2560 1.077738e-05
2561 1.379762e-07
2562 1.279252e-07
2563 9.666960e-08
2564 6.345141e-08
2565 1.275399e-07
2566 4.599271e-07
2567 4.310654e-07
2568 1.608037e-07
2569 2.031502e-06
2570 8.925987e-07
2571 1.577880e-07
2572 3.113871e-07
2573 1.678373e-07
2574 2.241346e-06
2575 3.982568e-07
2576 5.780326e-06
2577 1.691484e-07
2578 4.792099e-08
2579 4.351662e-07
2580 1.085190e-06
2581 2.822511e-04
2582 1.427671e-05
2583 1.832249e-05
2584 6.332753e-06
2585 1.530806e-05
2586 2.933269e-08
2587 9.475381e-06
2588 2.035380e-04
2589 9.120528e-06
2590 8.135006e-06
2591 2.137132e-05
2592 1.488504e-05
2593 2.524348e-06
2594 4.815858e-06
2595 1.155305e-07
2596 1.324920e-08
2597 6.142612e-06
2598 6.217317e-06
2599 4.129567e-07
2600 4.536159e-08
2601 1.350297e-05
2602 7.131564e-06
2603 2.227396e-04
2604 1.188486e-06
2605 3.272062e-06
2606 4.506131e-07
2607 6.082103e-07
2608 7.814772e-07
2609 2.199477e-06
2610 3.356259e-08
2611 1.415011e-05
2612 6.289866e-05
2613 8.289359e-06
2614 3.702884e-07
2615 2.442935e-08
2616 4.578971e-07
2617 7.260279e-06
2618 2.380725e-07
2619 1.096997e-04
2620 4.457813e-06
2621 9.743312e-07
2622 3.920247e-07
2623 5.782209e-07
2624 4.322737e-06
2625 5.097355e-08
2626 5.691687e-08
2627 1.341406e-06
2628 9.878002e-07
2629 2.375403e-06
2630 1.392135e-05
2631 1.059648e-06
2632 6.971675e-08
2633 1.804519e-07
2634 8.390778e-07
2635 1.243400e-06
2636 6.095948e-07
2637 7.302281e-07
2638 3.037493e-07
2639 4.740160e-07
2640 7.597031e-07
2641 9.512497e-07
2642 4.477590e-08
2643 1.906550e-04
2644 2.435730e-05
2645 3.883086e-04
2646 3.053252e-05
2647 5.356871e-06
2648 7.451460e-05
2649 4.623965e-06
2650 1.660235e-06
2651 1.586823e-07
2652 4.902771e-08
2653 9.003661e-06
2654 1.866378e-06
2655 3.695094e-06
2656 2.758031e-05
2657 2.923895e-06
2658 8.512583e-07
2659 2.053434e-07
2660 1.382283e-07
2661 3.266448e-06
2662 3.294622e-07
2663 3.123802e-06
2664 1.360751e-06
2665 4.294805e-07
2666 3.077915e-07
2667 2.090526e-06
2668 1.054945e-06
2669 5.621371e-07
2670 3.838079e-08
2671 6.922426e-06
2672 4.061052e-07
2673 6.457496e-06
2674 2.042804e-06
2675 3.562360e-05
2676 1.368476e-06
2677 1.721670e-08
2678 5.202703e-07
2679 1.485730e-06
2680 2.639444e-06
2681 2.941361e-05
2682 1.492138e-05
2683 7.154993e-05
2684 3.306124e-08
2685 7.154540e-08
2686 7.797280e-05
2687 2.596584e-05
2688 4.406229e-04
2689 3.377931e-07
2690 5.680753e-07
2691 9.064311e-06
2692 4.007867e-07
2693 7.277042e-04
2694 1.836008e-06
2695 3.871825e-05
2696 1.828176e-07
2697 7.611343e-07
2698 6.426831e-07
2699 5.872094e-06
2700 1.617799e-07
2701 3.810570e-08
2702 8.821284e-08
2703 4.083625e-06
2704 9.510476e-05
2705 1.256591e-07
2706 7.529671e-06
2707 6.067497e-07
2708 2.223543e-06
2709 1.260912e-07
2710 1.621853e-07
2711 2.652607e-06
2712 1.138688e-06
2713 4.404819e-07
2714 6.827390e-05
2715 5.522568e-06
2716 2.695544e-06
2717 1.023457e-06
2718 2.137480e-07
2719 3.002815e-05
2720 1.767573e-05
2721 5.589340e-04
2722 2.231328e-07
2723 1.547015e-05
2724 2.160878e-07
2725 1.850004e-05
2726 1.072880e-06
2727 5.747478e-06
2728 2.351403e-05
2729 1.578305e-05
2730 1.699738e-05
2731 2.158172e-06
2732 4.579499e-04
2733 1.106379e-07
2734 3.968599e-05
2735 1.064880e-05
2736 1.288575e-06
2737 1.117700e-07
2738 1.412229e-07
2739 5.295891e-07
2740 1.323135e-06
2741 2.192187e-05
2742 7.506010e-05
2743 3.744078e-07
2744 1.173811e-07
2745 8.204157e-04
2746 5.659458e-07
2747 1.137389e-06
2748 1.150590e-07
2749 2.349922e-07
2750 1.131003e-07
2751 1.539187e-07
2752 1.166064e-07
2753 5.248368e-05
2754 3.136115e-06
2755 2.708662e-06
2756 3.676688e-07
2757 8.931357e-05
2758 2.153876e-06
2759 1.328631e-06
2760 1.242517e-07
2761 4.589948e-06
2762 3.806688e-07
2763 1.406788e-05
2764 7.717864e-05
2765 9.381197e-05
2766 3.291999e-07
2767 2.623095e-07
2768 7.471380e-07
2769 7.790490e-05
2770 1.681067e-07
2771 5.849910e-07
2772 4.584513e-06
2773 4.218473e-06
2774 5.789019e-06
2775 1.221323e-05
2776 4.943505e-06
2777 2.236454e-04
2778 1.218740e-04
2779 2.869773e-05
2780 1.249602e-03
2781 4.647152e-06
2782 4.047081e-05
2783 1.648648e-04
2784 4.450965e-08
2785 3.060491e-07
2786 3.031459e-08
2787 1.771520e-07
2788 2.030649e-06
2789 7.992703e-07
2790 7.865292e-08
2791 9.579980e-08
2792 2.076632e-07
2793 1.594012e-06
2794 3.769291e-05
2795 5.647955e-05
2796 3.812365e-07
2797 3.382715e-06
2798 1.325234e-05
2799 2.507986e-06
2800 1.065239e-07
2801 2.339720e-06
2802 1.285204e-06
2803 2.236238e-02
2804 5.350783e-05
2805 4.875884e-05
2806 2.667659e-06
2807 6.300273e-06
2808 1.553874e-05
2809 2.339642e-08
2810 6.472929e-08
2811 7.086100e-06
2812 7.732530e-10
2813 2.339969e-05
2814 4.087312e-05
2815 1.720397e-07
2816 7.753669e-05
2817 1.442407e-07
2818 2.777509e-07
2819 2.145420e-04
2820 3.128203e-04
2821 2.104951e-07
2822 7.258137e-07
2823 9.699684e-07
2824 1.554685e-07
2825 7.183375e-08
2826 3.729263e-06
2827 1.045191e-05
2828 8.525954e-06
2829 3.187445e-06
2830 2.317752e-06
2831 4.261017e-06
2832 7.064378e-06
2833 9.881451e-07
2834 1.363264e-04
2835 3.849533e-07
2836 3.183852e-07
2837 1.220162e-06
2838 1.605960e-06
2839 3.844009e-05
2840 7.104175e-06
2841 8.609958e-06
2842 6.002289e-06
2843 2.583967e-07
2844 5.791468e-05
2845 1.459548e-07
2846 4.509873e-07
2847 9.512674e-07
2848 1.711997e-06
2849 1.399311e-06
2850 1.858430e-06
2851 2.087942e-07
2852 8.095226e-07
2853 2.506598e-06
2854 3.946826e-07
2855 2.618776e-06
2856 5.279827e-06
2857 2.189146e-05
2858 9.570745e-07
2859 1.279773e-07
2860 1.352817e-06
2861 2.130816e-06
2862 1.861368e-04
2863 5.983485e-06
2864 1.992818e-05
2865 4.286360e-06
2866 1.174429e-06
2867 4.402053e-06
2868 5.344676e-03
2869 6.190247e-05
2870 4.809534e-05
2871 1.105682e-07
2872 7.315210e-07
2873 7.005055e-06
2874 1.371018e-05
2875 8.028692e-07
2876 4.326509e-04
2877 6.763308e-05
2878 2.940096e-07
2879 9.673863e-07
2880 7.035361e-07
2881 6.977831e-07
2882 2.610139e-07
2883 2.692666e-07
2884 6.978691e-08
2885 4.108616e-06
2886 1.661012e-06
2887 1.328567e-06
2888 1.868412e-04
2889 2.115935e-06
2890 1.065553e-05
2891 2.181150e-04
2892 8.124895e-05
2893 1.069288e-05
2894 1.281572e-05
2895 5.406161e-04
2896 9.784588e-06
2897 2.823831e-05
2898 9.707168e-07
2899 9.029391e-08
2900 2.095923e-06
2901 7.463188e-07
2902 3.226750e-07
2903 6.629776e-08
2904 3.469756e-06
2905 1.149609e-07
2906 1.852480e-06
2907 5.663439e-04
2908 6.679276e-06
2909 1.737626e-07
2910 2.604393e-05
2911 2.938331e-07
2912 4.142542e-08
2913 1.109386e-07
2914 9.664195e-05
2915 3.812581e-06
2916 4.785045e-07
2917 4.593446e-08
2918 1.131498e-07
2919 3.883221e-07
2920 5.082319e-06
2921 3.455915e-06
2922 1.653480e-04
2923 1.098073e-06
2924 2.726968e-06
2925 8.872629e-07
2926 2.376940e-06
2927 4.959307e-06
2928 7.489798e-03
2929 4.097964e-06
2930 1.642036e-05
2931 9.697050e-05
2932 2.376191e-08
2933 1.318370e-06
2934 3.072948e-08
2935 2.031496e-06
2936 2.699763e-08
2937 2.234400e-07
2938 1.030382e-07
2939 4.931181e-08
2940 3.731326e-08
2941 9.486373e-07
2942 1.428392e-04
2943 7.337396e-06
2944 3.263372e-07
2945 3.039429e-08
2946 6.562498e-06
2947 5.596430e-08
2948 4.739145e-05
2949 1.094303e-07
2950 6.076683e-07
2951 4.553724e-04
2952 5.185458e-05
2953 1.999553e-07
2954 3.176437e-07
2955 2.129483e-07
2956 2.046400e-07
2957 2.589031e-05
2958 3.566900e-02
2959 4.072774e-07
2960 8.341230e-06
2961 1.639366e-07
2962 4.411639e-06
2963 5.971927e-05
2964 1.216682e-06
2965 9.222012e-07
2966 8.468206e-06
2967 3.366813e-07
2968 1.703627e-06
2969 4.694109e-07
2970 4.881110e-08
2971 1.267713e-04
2972 1.012496e-07
2973 1.551460e-05
2974 6.214240e-04
2975 2.074824e-07
2976 3.989999e-06
2977 1.324014e-07
2978 1.151348e-06
2979 2.437223e-05
2980 3.459125e-06
2981 8.636861e-07
2982 8.728683e-07
2983 1.467947e-07
2984 3.700476e-04
2985 1.244864e-05
2986 3.785369e-08
2987 2.884139e-05
2988 7.064247e-05
2989 1.480910e-08
2990 1.724904e-06
2991 1.160719e-06
2992 1.947331e-07
2993 7.807572e-07
2994 8.000190e-07
2995 2.521771e-07
2996 3.658179e-07
2997 2.795443e-07
2998 1.996616e-07
2999 7.552640e-06
3000 1.943556e-05
3001 8.116728e-05
3002 1.983653e-05
3003 1.838106e-06
3004 7.194211e-08
3005 6.994999e-06
3006 3.058353e-06
3007 2.992204e-04
3008 9.614231e-06
3009 3.070110e-05
3010 1.709610e-07
3011 8.175259e-08
3012 2.353007e-07
3013 4.449824e-07
3014 4.234180e-07
3015 1.614380e-07
3016 3.009831e-08
3017 1.940097e-08
3018 3.623222e-08
3019 5.825197e-06
3020 4.614570e-06
3021 6.834363e-05
3022 2.514386e-05
3023 7.182294e-05
3024 4.473848e-06
3025 1.283518e-06
3026 2.501073e-05
3027 1.956869e-07
3028 3.985327e-06
3029 3.751627e-03
3030 4.405408e-06
3031 1.878474e-04
3032 1.845265e-07
3033 5.673356e-07
3034 3.135632e-07
3035 4.941724e-06
3036 2.525834e-06
3037 6.717439e-07
3038 3.458120e-06
3039 2.521640e-05
3040 4.812772e-04
3041 4.980430e-07
3042 4.267658e-06
3043 3.877527e-07
3044 4.365272e-05
3045 5.255752e-07
3046 3.608110e-06
3047 4.561104e-06
3048 3.066343e-05
3049 5.272826e-08
3050 5.337131e-06
3051 2.195316e-07
3052 2.605631e-07
3053 4.600397e-08
3054 1.263089e-07
3055 4.238093e-07
3056 9.893639e-08
3057 1.089628e-08
3058 2.898611e-07
3059 4.341797e-07
3060 5.550532e-07
3061 8.828696e-07
3062 1.129238e-06
3063 7.429742e-07
3064 1.573487e-07
3065 1.806178e-05
3066 3.916554e-06
3067 1.625577e-06
3068 9.636159e-07
3069 4.298385e-06
3070 2.954169e-06
3071 5.214135e-05
3072 5.831557e-05
3073 8.523716e-06
3074 2.285921e-05
3075 3.383018e-05
3076 4.915654e-04
3077 1.690098e-06
3078 2.135193e-06
3079 8.209007e-07
3080 1.440462e-02
3081 6.618534e-07
3082 6.039700e-07
3083 9.333363e-05
3084 3.792919e-07
3085 1.934349e-07
3086 1.179147e-06
3087 1.149268e-06
3088 5.532630e-07
3089 1.881210e-07
3090 1.364707e-06
3091 2.750760e-07
3092 9.646809e-06
3093 2.388529e-03
3094 3.708632e-06
3095 4.087909e-06
3096 3.889640e-07
3097 1.133859e-04
3098 1.933357e-07
3099 3.256484e-06
3100 4.951376e-05
3101 3.013150e-05
3102 1.148920e-05
3103 1.363710e-06
3104 2.565333e-06
3105 5.861964e-06
3106 3.476275e-05
3107 1.563901e-04
3108 1.967540e-06
3109 2.590831e-06
3110 2.212209e-04
3111 1.966626e-05
3112 6.698559e-08
3113 1.490627e-07
3114 2.612116e-07
3115 2.335629e-05
3116 5.567703e-08
3117 1.015744e-04
3118 6.607765e-07
3119 2.210184e-04
3120 8.456391e-07
3121 2.093187e-07
3122 2.035665e-07
3123 2.209816e-04
3124 1.412553e-06
3125 1.049348e-05
3126 3.094466e-06
3127 1.028717e-07
3128 1.529310e-07
3129 1.515888e-05
3130 8.135073e-06
3131 9.807587e-08
3132 2.585264e-05
3133 3.242979e-06
3134 1.062469e-03
3135 6.792760e-05
3136 6.159600e-08
3137 4.255707e-05
3138 5.464006e-07
3139 2.627489e-06
3140 3.207540e-07
3141 2.293560e-06
3142 3.170528e-06
3143 1.947010e-05
3144 1.007871e-06
3145 3.863103e-07
3146 1.460133e-07
3147 7.790804e-06
3148 1.152450e-04
3149 2.121097e-06
3150 5.217268e-07
3151 3.473200e-07
3152 7.949766e-07
3153 1.283107e-03
3154 1.166885e-07
3155 3.276236e-06
3156 1.712049e-06
3157 1.852952e-06
3158 3.580713e-07
3159 8.157164e-04
3160 1.248326e-03
3161 5.179153e-07
3162 7.415540e-07
3163 8.818628e-07
3164 1.589153e-06
3165 2.439667e-06
3166 7.188776e-06
3167 5.059157e-05
3168 1.505264e-06
3169 4.128760e-06
3170 4.412650e-06
3171 2.122232e-06
3172 3.524445e-05
3173 1.170165e-05
3174 1.116457e-05
3175 4.254452e-05
3176 1.472151e-06
3177 1.703371e-04
3178 4.212530e-05
3179 1.240779e-05
3180 7.276584e-08
3181 2.428349e-07
3182 2.254595e-05
3183 6.587421e-06
3184 3.062398e-05
3185 3.413795e-07
3186 5.355370e-07
3187 9.945103e-07
3188 5.720283e-06
3189 4.300959e-07
3190 6.341504e-06
3191 1.511457e-05
3192 1.124031e-04
3193 1.792314e-06
3194 2.055178e-07
3195 1.060235e-06
3196 8.323204e-05
3197 1.392825e-07
3198 1.932252e-07
3199 2.704590e-07
3200 8.335344e-07
3201 1.878641e-06
3202 3.722416e-06
3203 1.883765e-07
3204 1.677210e-06
3205 9.351235e-07
3206 5.415042e-08
3207 4.844043e-07
3208 3.169922e-07
3209 7.500111e-09
3210 4.320533e-06
3211 7.433551e-07
3212 4.413692e-07
3213 3.143977e-05
3214 2.072442e-07
3215 1.892665e-06
3216 2.353268e-06
3217 4.888554e-07
3218 6.895348e-06
3219 3.530199e-06
3220 3.854755e-07
3221 1.564677e-06
3222 4.143893e-03
3223 1.887902e-04
3224 1.850937e-06
3225 4.331912e-07
3226 6.437269e-07
3227 2.090114e-07
3228 4.960180e-07
3229 1.589016e-06
3230 2.211029e-07
3231 2.185217e-07
3232 3.960187e-07
3233 4.032100e-06
3234 9.234228e-07
3235 1.340603e-05
3236 7.574982e-07
3237 3.660150e-06
3238 1.817040e-07
3239 5.414971e-05
3240 1.903797e-05
3241 9.955325e-06
3242 2.196764e-06
3243 3.891783e-06
3244 1.815257e-06
3245 2.373917e-03
3246 4.967410e-05
3247 3.780299e-06
3248 4.636576e-08
3249 1.237563e-07
3250 3.438334e-05
3251 8.864864e-06
3252 2.448595e-07
3253 3.527285e-07
3254 7.851032e-05
3255 1.259464e-07
3256 1.015787e-07
3257 2.279068e-07
3258 1.371375e-07
3259 4.632795e-08
3260 8.251893e-08
3261 2.879334e-07
3262 2.811104e-07
3263 8.646726e-07
3264 3.057575e-07
3265 1.675488e-06
3266 2.253325e-05
3267 3.160398e-06
3268 1.137658e-05
3269 2.480975e-07
3270 2.822620e-05
3271 8.986818e-05
3272 6.689896e-06
3273 1.424461e-07
3274 2.541138e-07
3275 2.330424e-07
3276 9.689579e-07
3277 1.063604e-05
3278 7.202098e-07
3279 5.746025e-07
3280 1.066067e-07
3281 1.036354e-07
3282 1.262848e-07
3283 6.193992e-06
3284 3.943370e-06
3285 1.157367e-06
3286 3.807305e-07
3287 3.915116e-07
3288 3.627069e-06
3289 4.108560e-07
3290 1.183129e-05
3291 2.560415e-06
3292 7.730473e-05
3293 1.244595e-05
3294 3.797365e-07
3295 1.724528e-06
3296 4.528143e-07
3297 8.715911e-07
3298 1.116836e-04
3299 4.295910e-05
3300 2.155112e-05
3301 1.639907e-07
3302 5.076036e-07
3303 4.706063e-06
3304 3.074700e-07
3305 1.570254e-08
3306 6.487430e-08
3307 1.979229e-06
3308 1.293092e-06
3309 1.043039e-04
3310 5.017755e-06
3311 7.483182e-06
3312 9.597662e-06
3313 4.142620e-06
3314 1.602773e-05
3315 1.132194e-05
3316 1.179588e-06
3317 5.407537e-07
3318 6.035588e-07
3319 6.531647e-07
3320 2.223176e-05
3321 3.774859e-06
3322 9.345180e-05
3323 3.510011e-06
3324 9.925419e-06
3325 6.872201e-05
3326 8.711869e-05
3327 1.517131e-07
3328 3.133181e-04
3329 1.418309e-06
3330 3.828252e-05
3331 9.126085e-07
3332 1.848579e-06
3333 2.779748e-07
3334 1.634556e-06
3335 3.389638e-07
3336 5.477550e-07
3337 3.150945e-08
3338 5.916547e-08
3339 6.255376e-08
3340 3.861348e-07
3341 4.338597e-05
3342 5.866116e-05
3343 1.169074e-06
3344 2.345776e-07
3345 3.484740e-07
3346 1.102533e-06
3347 2.910912e-07
3348 9.466986e-08
3349 9.173953e-04
3350 6.366815e-06
3351 7.608156e-06
3352 2.193112e-06
3353 3.230999e-05
3354 1.072038e-06
3355 6.608172e-07
3356 6.306265e-06
3357 4.161945e-07
3358 2.471754e-06
3359 2.529614e-06
3360 7.922090e-08
3361 1.445285e-06
3362 6.281152e-07
3363 3.473464e-07
3364 1.807831e-03
3365 1.481074e-05
3366 3.538922e-07
3367 1.621556e-05
3368 1.598874e-04
3369 1.341705e-04
3370 1.642505e-06
3371 7.748757e-08
3372 3.046613e-07
3373 6.143530e-07
3374 6.031969e-08
3375 3.095967e-07
3376 1.453515e-06
3377 3.399742e-06
3378 5.938789e-07
3379 2.097578e-07
3380 5.154458e-07
3381 1.905965e-06
3382 2.329445e-06
3383 5.771162e-06
3384 3.257752e-07
3385 3.220696e-07
3386 2.488347e-06
3387 2.224326e-05
3388 1.166062e-05
3389 3.277874e-05
3390 1.139080e-04
3391 2.200334e-07
3392 4.458793e-07
3393 2.321709e-06
3394 1.034988e-02
3395 8.993576e-03
3396 4.688145e-07
3397 9.348103e-07
3398 2.228011e-06
3399 7.580515e-06
3400 7.673959e-06
3401 2.104583e-06
3402 5.680583e-07
3403 6.167181e-06
3404 1.368978e-05
3405 1.647295e-06
3406 1.454305e-06
3407 6.700922e-07
3408 3.258626e-06
3409 7.592497e-07
3410 5.924815e-07
3411 3.247153e-07
3412 8.840985e-06
3413 6.234556e-07
3414 8.874347e-08
3415 4.686500e-05
3416 4.313443e-05
3417 1.171054e-03
3418 2.044094e-07
3419 1.687177e-04
3420 1.846507e-08
3421 1.358891e-08
3422 1.463997e-07
3423 5.835805e-05
3424 3.475569e-07
3425 7.233752e-04
3426 4.701035e-07
3427 4.793633e-07
3428 3.446602e-07
3429 5.301508e-07
3430 1.165764e-06
3431 4.615580e-08
3432 2.249962e-07
3433 1.125610e-07
3434 6.408043e-07
3435 3.746172e-03
3436 2.814581e-07
3437 1.348080e-05
3438 4.981995e-05
3439 1.743046e-05
3440 2.275475e-05
3441 3.270184e-07
3442 2.481391e-03
3443 9.856061e-05
3444 6.674456e-06
3445 1.440620e-05
3446 7.436576e-06
3447 1.562689e-06
3448 6.829765e-07
3449 1.004905e-02
3450 1.624152e-07
3451 7.760925e-07
3452 6.256961e-07
3453 7.880053e-08
3454 6.963208e-07
3455 6.560184e-07
3456 8.294662e-07
3457 5.710655e-06
3458 1.919897e-06
3459 3.263385e-06
3460 1.752281e-06
3461 3.033807e-07
3462 2.747204e-06
3463 5.538376e-07
3464 4.514374e-08
3465 1.048271e-06
3466 4.830314e-07
3467 4.948480e-07
3468 4.240680e-07
3469 3.769236e-07
3470 1.550801e-07
3471 1.646842e-07
3472 1.039659e-06
3473 1.556343e-05
3474 3.800400e-05
3475 2.465764e-05
3476 7.049949e-06
3477 2.315549e-08
3478 9.419607e-05
3479 2.803312e-06
3480 5.610869e-06
3481 4.737082e-07
3482 3.790357e-06
3483 1.034562e-05
3484 4.478016e-06
3485 4.513893e-08
3486 1.004482e-07
3487 1.974132e-06
3488 2.499923e-07
3489 1.241457e-04
3490 4.944338e-07
3491 3.767642e-04
3492 2.934324e-06
3493 4.468809e-05
3494 1.363541e-06
3495 4.315890e-07
3496 4.315764e-07
3497 2.973435e-07
3498 1.272178e-07
3499 4.679121e-08
3500 5.219262e-07
3501 6.586866e-08
3502 1.840915e-06
3503 3.398343e-07
3504 3.334069e-06
3505 2.297264e-05
3506 3.097116e-06
3507 4.188751e-07
3508 3.656351e-07
3509 1.203064e-06
3510 4.571962e-04
3511 1.735486e-05
3512 4.527438e-05
3513 1.269946e-04
3514 9.929490e-07
3515 7.297448e-08
3516 8.700108e-07
3517 4.983402e-07
3518 1.189727e-05
3519 2.335943e-06
3520 3.450534e-06
3521 7.387132e-05
3522 9.951784e-07
3523 3.716285e-07
3524 1.385948e-07
3525 5.274194e-05
3526 2.985556e-05
3527 3.086985e-03
3528 3.773395e-06
3529 4.851435e-06
3530 2.195671e-07
3531 6.165126e-05
3532 4.886797e-05
3533 1.547739e-07
3534 2.677888e-03
3535 1.277208e-05
3536 2.726099e-07
3537 3.824391e-07
3538 1.543088e-07
3539 7.580919e-05
3540 2.274366e-05
3541 4.249173e-06
3542 1.402777e-04
3543 3.630746e-04
3544 6.580071e-08
3545 9.127083e-06
3546 5.323025e-05
3547 3.997044e-05
3548 4.478440e-06
3549 7.460147e-07
3550 5.480509e-08
3551 4.168302e-06
3552 5.084855e-07
3553 3.206991e-07
3554 7.158663e-07
3555 2.600267e-07
3556 8.775577e-08
3557 3.374264e-05
3558 1.749874e-05
3559 1.752314e-08
3560 1.460057e-08
3561 1.086237e-05
3562 1.199249e-04
3563 1.536771e-06
3564 9.840666e-07
3565 5.998554e-06
3566 4.703780e-06
3567 5.147557e-06
3568 6.015503e-05
3569 8.616847e-06
3570 1.427700e-05
3571 6.862994e-06
3572 6.522968e-07
3573 1.655895e-06
3574 8.523108e-03
3575 2.505780e-07
3576 1.126699e-06
3577 6.451121e-08
3578 6.479373e-07
3579 2.429936e-06
3580 1.414966e-07
3581 7.650292e-05
3582 2.693352e-05
3583 1.407879e-04
3584 2.182084e-05
3585 7.408966e-07
3586 1.520622e-07
3587 6.474414e-07
3588 2.797570e-06
3589 7.875209e-06
3590 1.970602e-06
3591 2.037469e-03
3592 9.638840e-07
3593 1.665824e-06
3594 2.087113e-07
3595 5.960348e-06
3596 2.291384e-06
3597 1.805536e-06
3598 2.052120e-06
3599 3.474253e-07
3600 6.287182e-08
3601 2.536531e-07
3602 9.454941e-04
3603 1.947963e-06
3604 2.260145e-04
3605 3.901402e-07
3606 7.196722e-07
3607 3.610879e-07
3608 3.623767e-06
3609 2.703812e-07
3610 9.438893e-05
3611 1.125658e-07
3612 4.138562e-07
3613 9.742580e-06
3614 9.243184e-06
3615 2.140440e-07
3616 2.102831e-06
3617 1.091402e-06
3618 1.103676e-06
3619 8.741452e-08
3620 4.745759e-07
3621 7.817286e-06
3622 2.519098e-04
3623 2.022807e-07
3624 1.000372e-07
3625 2.627397e-07
3626 1.229277e-05
3627 2.288936e-05
3628 1.477929e-04
3629 2.491782e-07
3630 1.839125e-06
3631 9.608609e-08
3632 1.252193e-06
3633 3.778173e-05
3634 1.719801e-07
3635 2.320233e-06
3636 7.360044e-05
3637 2.754913e-05
3638 8.469041e-07
3639 1.067306e-05
3640 2.423297e-07
3641 1.246122e-06
3642 5.179728e-07
3643 8.085257e-07
3644 3.469414e-07
3645 7.966361e-08
3646 7.027623e-07
3647 3.908216e-08
3648 2.097317e-05
3649 1.292488e-06
3650 3.357553e-07
3651 9.576890e-07
3652 1.073766e-05
3653 1.524726e-06
3654 5.866909e-07
3655 5.456347e-07
3656 1.883762e-05
3657 9.275024e-07
3658 1.508061e-06
3659 1.024123e-07
3660 1.612982e-03
3661 1.228042e-05
3662 2.151554e-05
3663 1.075801e-06
3664 2.241058e-05
3665 1.106481e-06
3666 1.263418e-06
3667 4.343249e-06
3668 8.684274e-07
3669 1.208015e-07
3670 1.768806e-05
3671 2.506208e-04
3672 7.914287e-07
3673 4.687347e-06
3674 8.587795e-07
3675 9.204701e-08
3676 7.400201e-08
3677 9.568656e-07
3678 6.671730e-07
3679 2.114101e-06
3680 4.087634e-07
3681 9.709077e-06
3682 1.418376e-05
3683 2.050007e-07
3684 7.689721e-07
3685 7.238802e-06
3686 1.005339e-06
3687 2.526519e-05
3688 4.044321e-06
3689 3.124113e-07
3690 1.066855e-07
3691 5.118629e-07
3692 7.603155e-07
3693 2.037849e-05
3694 6.849020e-05
3695 1.239619e-07
3696 3.321400e-06
3697 4.846750e-05
3698 4.777561e-07
3699 4.238724e-06
3700 1.080404e-07
3701 5.838417e-07
3702 2.770189e-07
3703 4.948747e-06
3704 9.158967e-06
3705 5.233281e-07
3706 2.746386e-06
3707 4.009839e-06
3708 1.457064e-06
3709 1.438185e-07
3710 5.462457e-07
3711 3.648316e-06
3712 1.060608e-06
3713 2.806177e-06
3714 6.027135e-05
3715 5.710832e-06
3716 5.897146e-06
3717 2.510559e-07
3718 5.041266e-04
3719 1.771252e-05
3720 6.304684e-06
3721 7.592685e-07
3722 8.004473e-07
3723 3.951022e-06
3724 3.175527e-04
3725 5.754435e-07
3726 1.817281e-06
3727 3.096930e-05
3728 2.183412e-05
3729 8.257836e-07
3730 3.103541e-07
3731 1.785002e-05
3732 4.963279e-04
3733 2.421167e-05
3734 1.569170e-06
3735 2.409279e-07
3736 2.120522e-06
3737 2.326818e-08
3738 9.313984e-08
3739 1.323259e-06
3740 1.685207e-05
3741 3.965306e-06
3742 8.392908e-07
3743 2.359130e-08
3744 3.207352e-03
3745 6.421582e-06
3746 1.923412e-08
3747 4.590119e-05
3748 4.821275e-07
3749 1.023830e-07
3750 3.910970e-07
3751 2.729156e-07
3752 6.460949e-07
3753 7.133328e-06
3754 3.297802e-05
3755 7.271028e-08
3756 4.102051e-08
3757 6.526521e-06
3758 3.106834e-07
3759 6.464198e-06
3760 1.466120e-05
3761 1.049241e-06
3762 4.562572e-05
3763 1.356903e-06
3764 4.070482e-05
3765 3.158190e-04
3766 1.240472e-05
3767 5.214521e-06
3768 2.110696e-06
3769 9.303897e-06
3770 2.696930e-04
3771 9.563796e-05
3772 6.048757e-08
3773 4.814618e-07
3774 4.174630e-08
3775 4.529176e-06
3776 4.456170e-06
3777 1.515955e-07
3778 7.617708e-06
3779 1.918592e-04
3780 1.221347e-06
3781 1.143073e-06
3782 2.621109e-07
3783 1.589232e-07
3784 2.449012e-07
3785 8.063327e-05
3786 5.178982e-06
3787 5.796295e-07
3788 2.001246e-06
3789 2.508870e-05
3790 5.074995e-07
3791 2.283466e-05
3792 9.007755e-06
3793 6.853482e-07
3794 3.847916e-07
3795 9.538925e-06
3796 2.415046e-07
3797 1.020735e-06
3798 1.003169e-05
3799 8.208688e-07
3800 4.065674e-07
3801 8.911544e-08
3802 4.118479e-07
3803 1.949048e-06
3804 3.385808e-06
3805 2.123065e-05
3806 1.562959e-04
3807 2.622869e-05
3808 4.146343e-07
3809 3.481060e-04
3810 1.796421e-04
3811 2.416813e-05
3812 4.566140e-08
3813 2.872625e-08
3814 1.617842e-07
3815 6.530473e-07
3816 1.663947e-04
3817 2.543832e-05
3818 6.139300e-07
3819 7.950785e-07
3820 5.698955e-07
3821 4.107224e-07
3822 8.164762e-06
3823 1.278942e-05
3824 2.984320e-07
3825 1.365092e-04
3826 1.552493e-04
3827 2.654900e-06
3828 1.104292e-04
3829 1.538057e-03
3830 6.170031e-06
3831 6.972375e-06
3832 1.525449e-05
3833 1.291686e-06
3834 1.537640e-06
3835 1.384513e-07
3836 2.262159e-05
3837 1.023096e-06
3838 1.355061e-05
3839 2.992866e-07
3840 4.994863e-07
3841 2.749205e-05
3842 3.900422e-07
3843 1.284231e-05
3844 4.256936e-07
3845 2.299591e-05
3846 4.619089e-07
3847 1.549927e-06
3848 2.738847e-05
3849 2.477285e-04
3850 4.582342e-05
3851 5.086465e-07
3852 4.048579e-07
3853 2.263253e-06
3854 1.546702e-06
3855 2.496530e-06
3856 1.529095e-06
3857 1.124362e-06
3858 2.794732e-05
3859 9.334593e-08
3860 2.916845e-07
3861 3.679172e-06
3862 2.972943e-07
3863 2.674871e-07
3864 2.472480e-07
3865 8.480467e-07
3866 1.100458e-07
3867 6.276612e-07
3868 7.922344e-07
3869 8.314976e-08
3870 1.736706e-04
3871 2.007029e-04
3872 1.135748e-06
3873 5.606347e-05
3874 4.629653e-06
3875 8.055777e-08
3876 1.850757e-08
3877 2.644220e-05
3878 3.912973e-07
3879 2.688193e-06
3880 2.712963e-07
3881 1.176604e-07
3882 1.019873e-07
3883 9.940042e-06
3884 2.214401e-07
3885 9.138495e-07
3886 1.421933e-06
3887 8.770096e-06
3888 5.101810e-06
3889 4.059095e-05
3890 4.592430e-06
3891 2.370058e-06
3892 1.728820e-07
3893 7.747604e-07
3894 1.807708e-06
3895 5.410605e-06
3896 1.723124e-05
3897 4.586974e-05
3898 5.581495e-07
3899 1.756120e-05
3900 4.253063e-05
3901 6.107845e-07
3902 5.038426e-07
3903 1.088473e-06
3904 6.788669e-07
3905 1.921192e-05
3906 4.497110e-06
3907 8.249834e-08
3908 1.041955e-08
3909 4.564239e-08
3910 1.011027e-07
3911 3.407750e-06
3912 3.485337e-08
3913 1.050378e-06
3914 4.052681e-04
3915 1.054486e-04
3916 8.662049e-07
3917 6.661661e-08
3918 1.711253e-07
3919 1.021882e-05
3920 4.954688e-05
3921 8.451515e-04
3922 1.376576e-04
3923 1.712839e-07
3924 2.306584e-07
3925 8.187942e-08
3926 7.731813e-08
3927 1.682347e-07
3928 3.129105e-07
3929 8.536140e-08
3930 5.523351e-07
3931 1.806699e-07
3932 1.919794e-07
3933 1.211459e-07
3934 2.169473e-05
3935 1.302387e-05
3936 5.164981e-06
3937 3.573711e-08
3938 4.686674e-08
3939 5.165483e-05
3940 1.996045e-05
3941 2.688195e-06
3942 1.252610e-06
3943 5.317237e-04
3944 3.610211e-05
3945 1.961820e-06
3946 1.369561e-03
3947 1.435820e-07
3948 2.046834e-08
3949 8.969455e-07
3950 4.901221e-07
3951 5.696120e-07
3952 5.049650e-07
3953 9.449526e-08
3954 1.278974e-04
3955 4.972671e-07
3956 6.467193e-05
3957 4.098837e-06
3958 1.933853e-06
3959 1.083147e-06
3960 1.695497e-06
3961 1.580863e-06
3962 6.407828e-06
3963 3.042432e-05
3964 3.508633e-06
3965 8.142453e-07
3966 4.779953e-06
3967 1.053434e-06
3968 2.157702e-05
3969 1.074180e-05
3970 7.415503e-05
3971 1.596208e-06
3972 6.499320e-07
3973 8.437119e-07
3974 2.530476e-06
3975 2.596489e-05
3976 5.146461e-06
3977 2.424314e-04
3978 1.598746e-07
3979 1.360234e-07
3980 1.083459e-07
3981 8.925018e-06
3982 4.486878e-05
3983 2.604943e-06
3984 5.433417e-06
3985 6.990974e-05
3986 9.077056e-06
3987 7.947001e-06
3988 1.690775e-08
3989 3.113832e-07
3990 4.736382e-06
3991 3.676219e-06
3992 4.661116e-05
3993 2.476029e-06
3994 3.719557e-07
3995 5.863965e-07
3996 4.331782e-07
3997 2.321246e-07
3998 2.055710e-07
3999 5.941280e-05
4000 5.706318e-06
4001 1.793572e-03
4002 2.634492e-05
4003 3.645130e-06
4004 2.618674e-07
4005 1.029439e-06
4006 1.511071e-05
4007 7.773176e-05
4008 4.623318e-05
4009 1.606310e-05
4010 1.079741e-05
4011 7.074593e-06
4012 5.510750e-06
4013 1.497084e-07
4014 1.829052e-05
4015 1.020798e-07
4016 3.672209e-06
4017 8.518385e-08
4018 6.070858e-07
4019 1.123127e-05
4020 3.587983e-02
4021 9.341666e-05
4022 2.770517e-07
4023 3.063304e-05
4024 1.897049e-06
4025 2.165273e-08
4026 5.225264e-07
4027 2.285539e-07
4028 2.117694e-05
4029 1.483361e-06
4030 4.727755e-06
4031 2.671538e-07
4032 2.578697e-06
4033 4.447055e-07
4034 4.138942e-07
4035 6.233818e-07
4036 6.780411e-08
4037 7.027753e-04
4038 1.793641e-06
4039 7.141231e-06
4040 4.278838e-06
4041 3.400505e-06
4042 3.486920e-06
4043 1.580177e-05
4044 1.232137e-04
4045 3.009377e-07
4046 9.926883e-08
4047 3.619000e-06
4048 2.186567e-06
4049 3.989820e-07
4050 4.537143e-07
4051 4.999726e-06
4052 1.016788e-06
4053 1.836771e-07
4054 4.669388e-08
4055 1.421129e-07
4056 3.294340e-06
4057 2.298778e-06
4058 2.916661e-05
4059 2.323914e-06
4060 6.566048e-07
4061 8.725813e-06
4062 7.877608e-05
4063 1.296632e-06
4064 5.405202e-06
4065 2.233409e-05
4066 1.034903e-06
4067 7.630376e-07
4068 1.145576e-08
4069 7.278548e-05
4070 9.887272e-08
4071 4.766217e-07
4072 2.055285e-08
4073 6.430441e-07
4074 9.777896e-07
4075 3.275383e-07
4076 4.434081e-06
4077 6.853659e-07
4078 7.523677e-07
4079 3.618333e-05
4080 2.488656e-07
4081 5.381968e-08
4082 5.421627e-07
4083 2.812254e-06
4084 7.751143e-07
4085 8.535217e-07
4086 3.768316e-06
4087 2.381453e-07
4088 2.341542e-07
4089 2.161028e-05
4090 2.863686e-06
4091 2.091321e-06
4092 3.119129e-06
4093 4.425264e-07
4094 1.701137e-05
4095 7.086489e-06
4096 8.167667e-05
4097 4.084320e-09
4098 1.774678e-07
4099 9.422940e-08
4100 6.208930e-07
4101 6.005590e-07
4102 6.930489e-07
4103 1.238987e-07
4104 3.220233e-07
4105 3.065358e-07
4106 1.350846e-07
4107 1.997186e-06
4108 2.001457e-06
4109 1.194158e-07
4110 2.707718e-07
4111 7.703697e-07
4112 2.782052e-06
4113 1.411876e-04
4114 1.829952e-04
4115 1.135703e-05
4116 4.603465e-07
4117 6.100219e-06
4118 1.204838e-06
4119 1.187175e-07
4120 2.755670e-07
4121 1.505722e-04
4122 7.220411e-06
4123 3.002348e-05
4124 1.243180e-05
4125 8.567130e-07
4126 2.770007e-08
4127 3.703846e-06
4128 2.879405e-07
4129 2.186909e-07
4130 6.224989e-07
4131 3.497422e-07
4132 3.200008e-08
4133 1.025739e-06
4134 8.101712e-06
4135 1.876561e-07
4136 7.219333e-08
4137 1.334155e-04
4138 3.442400e-07
4139 3.734878e-05
4140 7.216263e-05
4141 1.623699e-07
4142 8.338743e-06
4143 5.229168e-08
4144 3.637062e-05
4145 2.581741e-05
4146 1.067516e-06
4147 1.515560e-04
4148 9.372910e-04
4149 1.148890e-06
4150 1.078026e-06
4151 4.029289e-07
4152 8.229488e-07
4153 3.159075e-06
4154 6.158675e-07
4155 1.593199e-06
4156 2.389896e-06
4157 6.553346e-07
4158 3.609527e-05
4159 1.046068e-04
4160 9.318827e-04
4161 1.304941e-04
4162 2.808697e-08
4163 1.340468e-05
4164 1.980204e-07
4165 5.440459e-06
4166 2.562925e-06
4167 1.645073e-06
4168 1.640608e-07
4169 2.980052e-06
4170 1.038002e-05
4171 3.685110e-07
4172 3.020631e-07
4173 6.101933e-07
4174 1.430493e-06
4175 4.347450e-07
4176 8.614001e-07
4177 5.552588e-08
4178 2.506886e-07
4179 1.389725e-05
4180 1.304362e-05
4181 4.663891e-06
4182 3.859472e-06
4183 5.383200e-06
4184 1.263352e-05
4185 8.629821e-05
4186 6.365806e-05
4187 2.245048e-03
4188 2.421569e-07
4189 1.685705e-07
4190 3.584935e-06
4191 3.660905e-07
4192 2.042588e-06
4193 1.418617e-07
4194 9.419802e-08
4195 1.331163e-07
4196 1.331082e-06
4197 2.144069e-06
4198 5.171402e-07
4199 3.219676e-07
4200 7.455403e-07
4201 1.197311e-06
4202 7.230466e-06
4203 1.021234e-06
4204 1.257737e-05
4205 1.876678e-07
4206 4.301828e-06
4207 4.360995e-06
4208 1.447391e-05
4209 9.637165e-06
4210 2.475846e-06
4211 1.144379e-05
4212 3.610875e-07
4213 2.311010e-07
4214 7.129762e-08
4215 2.586243e-08
4216 2.704467e-06
4217 6.795049e-07
4218 4.253171e-06
4219 3.287567e-06
4220 6.288966e-07
4221 3.461730e-06
4222 3.448704e-07
4223 7.634131e-06
4224 6.911955e-08
4225 4.047153e-06
4226 1.970415e-05
4227 3.906903e-06
4228 5.136670e-08
4229 1.163121e-05
4230 8.275069e-08
4231 7.560822e-07
4232 3.107362e-07
4233 1.030869e-07
4234 1.642214e-07
4235 4.873907e-04
4236 8.164544e-05
4237 2.972982e-06
4238 4.261053e-04
4239 1.150825e-07
4240 1.785994e-07
4241 1.680710e-08
4242 4.523226e-08
4243 1.602850e-05
4244 2.171801e-05
4245 7.973053e-06
4246 8.325438e-06
4247 4.971302e-05
4248 1.106462e-05
4249 1.740237e-05
4250 2.773270e-05
4251 1.021161e-07
4252 3.905739e-06
4253 4.007510e-07
4254 6.171156e-05
4255 2.389385e-06
4256 3.050492e-05
4257 1.009966e-06
4258 6.723045e-07
4259 4.977441e-07
4260 8.339431e-06
4261 3.850999e-08
4262 8.245480e-06
4263 8.761207e-06
4264 8.620189e-06
4265 4.847670e-06
4266 1.043527e-06
4267 1.250521e-06
4268 1.235312e-04
4269 2.505519e-07
4270 3.398178e-07
4271 9.600421e-08
4272 2.583677e-07
4273 1.247430e-07
4274 6.321527e-04
4275 2.425718e-07
4276 1.019085e-06
4277 1.045143e-06
4278 1.260923e-06
4279 3.132671e-05
4280 8.241990e-07
4281 1.245094e-07
4282 3.068862e-04
4283 5.603741e-07
4284 9.101232e-05
4285 6.279622e-07
4286 4.871682e-08
4287 1.358305e-07
4288 2.069272e-06
4289 7.882447e-05
4290 2.909130e-05
4291 3.249405e-08
4292 2.609519e-07
4293 1.789898e-08
4294 2.454889e-05
4295 5.335235e-04
4296 5.186168e-08
4297 1.778005e-07
4298 6.238221e-06
4299 7.265217e-07
4300 1.257855e-03
4301 8.083977e-07
4302 2.390007e-07
4303 2.166905e-07
4304 2.359444e-07
4305 2.451045e-07
4306 2.099229e-07
4307 5.135422e-07
4308 5.254013e-07
4309 1.666722e-05
4310 5.120647e-05
4311 2.692381e-05
4312 3.471472e-06
4313 1.872347e-05
4314 3.710789e-05
4315 6.564146e-05
4316 5.088344e-06
4317 1.139006e-06
4318 1.628973e-05
4319 8.598363e-06
4320 2.658371e-07
4321 1.589618e-06
4322 6.856534e-08
4323 5.939178e-07
4324 3.877128e-07
4325 1.406938e-05
4326 2.963637e-05
4327 4.108148e-07
4328 5.795855e-06
4329 7.840640e-08
4330 8.907827e-08
4331 2.221719e-06
4332 1.887891e-04
4333 3.974592e-04
4334 8.186737e-07
4335 4.916859e-05
4336 3.206177e-06
4337 5.379289e-07
4338 7.630899e-07
4339 7.054393e-07
4340 6.157099e-05
4341 1.106112e-05
4342 1.534926e-05
4343 7.192438e-07
4344 1.011711e-07
4345 2.233755e-07
4346 1.419048e-07
4347 3.706627e-07
4348 8.046853e-07
4349 8.970424e-07
4350 1.871707e-06
4351 1.629331e-05
4352 2.578809e-06
4353 2.346751e-07
4354 6.053661e-08
4355 1.082481e-06
4356 5.145378e-08
4357 5.037026e-09
4358 4.811315e-05
4359 3.061511e-05
4360 1.925489e-06
4361 2.979925e-07
4362 1.134433e-05
4363 1.498007e-07
4364 5.113985e-07
4365 2.201233e-07
4366 4.860904e-06
4367 3.070218e-06
4368 2.385063e-06
4369 9.833710e-06
4370 1.260261e-06
4371 4.151294e-07
4372 5.584281e-05
4373 1.348445e-06
4374 4.669587e-06
4375 1.112646e-04
4376 1.348487e-07
4377 3.301585e-08
4378 3.692237e-07
4379 1.489494e-07
4380 1.070197e-06
4381 2.485591e-06
4382 4.363882e-08
4383 5.223197e-07
4384 7.857431e-07
4385 1.316754e-06
4386 1.431261e-06
4387 7.150632e-05
4388 3.206024e-06
4389 3.466781e-06
4390 4.620547e-05
4391 5.707178e-07
4392 3.992610e-06
4393 3.530347e-07
4394 2.492693e-06
4395 1.391915e-06
4396 1.738354e-04
4397 3.541880e-07
4398 4.637377e-08
4399 1.716310e-06
4400 7.201016e-07
4401 1.102766e-05
4402 2.064883e-05
4403 7.252368e-05
4404 3.633244e-07
4405 5.856080e-08
4406 1.540659e-07
4407 7.851703e-07
4408 8.621746e-05
4409 9.108658e-08
4410 5.511430e-07
4411 5.620481e-06
4412 2.040953e-07
4413 4.086823e-06
4414 2.821898e-07
4415 3.014124e-05
4416 1.676867e-04
4417 1.133070e-06
4418 5.202946e-07
4419 3.189206e-08
4420 5.629675e-07
4421 6.643891e-08
4422 2.621021e-06
4423 1.689270e-07
4424 7.847448e-08
4425 6.024055e-05
4426 4.597870e-05
4427 6.065508e-07
4428 3.098227e-08
4429 8.076496e-06
4430 6.586199e-05
4431 5.270935e-05
4432 4.314347e-07
4433 3.721242e-07
4434 9.054106e-07
4435 1.523342e-05
4436 2.003016e-05
4437 1.077405e-07
4438 2.222157e-07
4439 9.203616e-06
4440 2.009354e-06
4441 5.689337e-06
4442 3.946835e-07
4443 1.463744e-06
4444 5.734992e-07
4445 2.836524e-07
4446 1.788682e-04
4447 1.098524e-06
4448 1.499517e-06
4449 1.134800e-07
4450 1.274899e-04
4451 2.500949e-06
4452 2.310938e-05
4453 1.232308e-06
4454 1.384059e-06
4455 5.615468e-05
4456 2.187989e-04
4457 8.331935e-05
4458 9.155984e-06
4459 3.811286e-05
4460 4.274054e-07
4461 6.588974e-08
4462 9.577225e-06
4463 6.290213e-06
4464 1.498827e-07
4465 9.304457e-07
4466 2.202644e-05
4467 5.180162e-07
4468 3.926349e-07
4469 3.075290e-07
4470 2.287030e-07
4471 1.533773e-05
4472 1.972405e-07
4473 4.140553e-05
4474 2.089762e-07
4475 6.447123e-06
4476 5.947809e-09
4477 1.086782e-05
4478 5.766927e-05
4479 2.770331e-06
4480 1.428278e-05
4481 2.303274e-04
4482 1.553180e-06
4483 4.420871e-04
4484 7.682676e-08
4485 1.152009e-07
4486 3.328331e-08
4487 3.932636e-07
4488 7.179859e-06
4489 5.203840e-07
4490 8.088620e-07
4491 1.931079e-07
4492 3.245060e-06
4493 6.581018e-07
4494 8.797513e-07
4495 4.099941e-06
4496 1.492074e-07
4497 5.888658e-05
4498 5.329480e-07
4499 1.716702e-07
4500 2.274336e-06
4501 6.612807e-07
4502 9.636840e-04
4503 3.447697e-06
4504 1.663958e-06
4505 7.969882e-07
4506 9.905113e-08
4507 4.100229e-07
4508 3.511256e-06
4509 1.777411e-05
4510 4.159632e-06
4511 2.747832e-06
4512 2.890992e-04
4513 1.604195e-06
4514 1.959122e-06
4515 7.662206e-10
4516 5.142635e-08
4517 1.332453e-07
4518 5.429039e-09
4519 2.397494e-07
4520 3.583741e-05
4521 7.441966e-08
4522 1.268518e-07
4523 2.648534e-07
4524 5.249039e-06
4525 1.373437e-07
4526 5.407290e-07
4527 4.373098e-08
4528 6.592703e-07
4529 2.212651e-07
4530 1.323218e-06
4531 5.890075e-07
4532 5.007715e-07
4533 3.621485e-07
4534 5.460439e-04
4535 3.274288e-04
4536 8.838426e-07
4537 2.190248e-04
4538 1.369641e-04
4539 9.464566e-08
4540 3.929676e-07
4541 7.937962e-07
4542 2.045263e-06
4543 2.684338e-06
4544 1.430349e-06
4545 6.226122e-07
4546 5.784217e-08
4547 7.603338e-08
4548 2.082806e-06
4549 3.496288e-05
4550 1.971540e-04
4551 1.642100e-07
4552 6.648886e-07
4553 2.507917e-06
4554 4.844427e-07
4555 3.240029e-07
4556 1.691195e-05
4557 4.193933e-07
4558 8.269942e-08
4559 3.265506e-06
4560 5.428361e-06
4561 3.193392e-04
4562 4.165496e-06
4563 5.411570e-06
4564 6.018508e-07
4565 3.016333e-06
4566 1.731658e-04
4567 7.460758e-05
4568 2.026611e-06
4569 9.729758e-07
4570 2.054594e-06
4571 2.267121e-06
4572 5.300821e-08
4573 1.118286e-03
4574 5.851466e-06
4575 2.164185e-05
4576 3.334203e-06
4577 7.739096e-06
4578 1.997955e-05
4579 5.705843e-07
4580 9.314996e-08
4581 4.882260e-07
4582 5.814914e-07
4583 2.512168e-07
4584 3.040236e-06
4585 3.168049e-07
4586 2.832705e-06
4587 1.805426e-07
4588 4.912940e-06
4589 2.408666e-04
4590 9.730700e-06
4591 4.295355e-06
4592 3.600903e-06
4593 5.758609e-06
4594 6.729518e-05
4595 2.988819e-05
4596 5.872908e-06
4597 1.368699e-07
4598 7.764930e-08
4599 3.666928e-06
4600 6.811543e-05
4601 8.212133e-08
4602 1.518633e-05
4603 1.217259e-07
4604 9.999845e-08
4605 5.168899e-07
4606 4.956689e-06
4607 2.341976e-07
4608 2.010913e-07
4609 2.238063e-07
4610 1.728933e-07
4611 1.563648e-07
4612 1.998955e-07
4613 2.308408e-06
4614 2.095185e-07
4615 3.309950e-07
4616 6.918510e-07
4617 2.343216e-05
4618 2.500965e-07
4619 3.743453e-06
4620 4.734542e-08
4621 8.981934e-08
4622 3.294065e-05
4623 7.540631e-08
4624 4.301390e-08
4625 3.766815e-05
4626 8.217950e-04
4627 2.188694e-04
4628 3.241721e-07
4629 2.961094e-07
4630 1.982171e-06
4631 2.462042e-07
4632 6.722232e-07
4633 1.903511e-07
4634 6.789621e-06
4635 4.421027e-06
4636 4.058204e-07
4637 4.950339e-08
4638 7.217306e-06
4639 2.872386e-04
4640 1.496841e-04
4641 2.080889e-04
4642 7.463912e-09
4643 4.611962e-08
4644 2.521342e-07
4645 1.677176e-06
4646 5.818408e-07
4647 1.178773e-06
4648 5.692431e-06
4649 3.669192e-03
4650 3.089745e-07
4651 4.057160e-07
4652 1.569165e-07
4653 1.232432e-04
4654 9.521380e-08
4655 4.237404e-07
4656 5.066127e-07
4657 8.771770e-07
4658 8.379670e-06
4659 8.041419e-06
4660 6.810106e-06
4661 1.896518e-06
4662 6.361353e-04
4663 9.520013e-08
4664 9.752684e-06
4665 5.888235e-08
4666 2.891607e-07
4667 4.713687e-06
4668 1.524926e-02
4669 5.808666e-09
4670 4.484456e-06
4671 2.204771e-05
4672 1.307692e-06
4673 1.109383e-06
4674 3.683535e-08
4675 6.692189e-06
4676 2.010755e-05
4677 6.085042e-07
4678 1.887747e-07
4679 3.926055e-07
4680 3.537746e-06
4681 8.252608e-07
4682 1.557425e-06
4683 9.710932e-08
4684 2.718196e-03
4685 1.707816e-06
4686 1.044894e-05
4687 2.335598e-07
4688 1.043948e-06
4689 3.234514e-07
4690 4.447260e-07
4691 3.631563e-05
4692 1.172183e-05
4693 3.149518e-05
4694 2.994780e-08
4695 2.295023e-05
4696 6.619428e-05
4697 1.962229e-04
4698 3.485729e-07
4699 5.831752e-07
4700 4.416567e-07
4701 4.652270e-07
4702 2.974236e-07
4703 3.767820e-07
4704 2.345174e-07
4705 2.967158e-07
4706 4.429918e-07
4707 1.886132e-07
4708 1.754851e-05
4709 1.050135e-07
4710 4.294935e-04
4711 9.574124e-05
4712 1.056443e-05
4713 1.714357e-05
4714 7.714131e-07
4715 1.222025e-06
4716 2.979902e-04
4717 2.547822e-05
4718 1.670482e-06
4719 2.328707e-06
4720 4.186333e-05
4721 6.772725e-08
4722 1.109767e-06
4723 4.989179e-07
4724 7.088705e-07
4725 6.463675e-06
4726 9.963263e-07
4727 9.578233e-07
4728 9.353358e-08
4729 7.643141e-07
4730 3.676238e-06
4731 1.006736e-05
4732 2.747715e-07
4733 1.671080e-05
4734 4.705984e-06
4735 1.039426e-05
4736 5.654913e-06
4737 7.906320e-06
4738 2.437626e-06
4739 1.321663e-06
4740 3.225845e-06
4741 7.544195e-06
4742 4.350311e-05
4743 2.126294e-08
4744 1.159484e-06
4745 2.319315e-05
4746 1.338850e-07
4747 2.121779e-07
4748 3.859128e-06
4749 5.859058e-07
4750 1.491943e-07
4751 2.711274e-07
4752 3.608743e-07
4753 1.065383e-03
4754 5.378192e-07
4755 6.971381e-08
4756 3.657311e-06
4757 2.923651e-05
4758 8.085377e-06
4759 4.282600e-06
4760 1.086444e-04
4761 4.481543e-08
4762 2.389717e-06
4763 1.283307e-07
4764 3.664262e-08
4765 6.127929e-06
4766 1.114489e-05
4767 2.717159e-02
4768 6.860951e-06
4769 4.475271e-07
4770 2.476814e-07
4771 4.073066e-06
4772 5.773339e-06
4773 5.257550e-06
4774 6.110187e-08
4775 7.569766e-07
4776 3.644868e-05
4777 1.828459e-05
4778 1.547760e-05
4779 7.541672e-07
4780 1.079877e-06
4781 2.269359e-06
4782 1.878520e-05
4783 2.685221e-07
4784 5.033211e-07
4785 4.036882e-06
4786 9.221194e-08
4787 3.371182e-07
4788 6.844352e-07
4789 5.721427e-08
4790 3.466923e-07
4791 7.654216e-06
4792 1.152599e-05
4793 2.749023e-06
4794 1.524833e-06
4795 8.745394e-07
4796 8.915750e-05
4797 7.766029e-09
4798 4.249141e-05
4799 5.456396e-05
4800 8.955577e-05
4801 1.532973e-07
4802 9.130741e-08
4803 1.525157e-06
4804 3.496814e-07
4805 2.854869e-07
4806 8.639207e-06
4807 1.027979e-07
4808 3.799829e-07
4809 1.199944e-07
4810 6.182979e-08
4811 8.637867e-07
4812 2.284766e-05
4813 1.536340e-05
4814 8.934962e-07
4815 5.604311e-08
4816 7.814555e-05
4817 6.821075e-06
4818 4.194261e-06
4819 3.021823e-04
4820 2.106787e-05
4821 4.725979e-06
4822 2.084557e-07
4823 1.669401e-07
4824 5.413070e-08
4825 3.865921e-07
4826 2.836170e-07
4827 1.539834e-06
4828 3.582720e-07
4829 3.313487e-04
4830 1.627728e-05
4831 3.525381e-06
4832 3.922842e-06
4833 2.215179e-07
4834 2.660197e-05
4835 9.197264e-07
4836 5.535789e-06
4837 1.431769e-06
4838 7.526348e-07
4839 8.029305e-06
4840 2.910473e-06
4841 1.632303e-07
4842 5.972726e-07
4843 2.511427e-05
4844 2.027773e-07
4845 1.110207e-06
4846 4.214206e-07
4847 1.959316e-06
4848 4.460204e-06
4849 1.310215e-06
4850 1.406886e-04
4851 3.861715e-06
4852 1.614663e-07
4853 2.638244e-06
4854 2.494393e-06
4855 1.381694e-07
4856 6.826795e-08
4857 6.792092e-07
4858 3.904400e-07
4859 2.555759e-05
4860 1.474266e-07
4861 4.999268e-08
4862 4.201152e-08
4863 2.911586e-08
4864 1.492132e-06
4865 1.307199e-07
4866 2.504234e-04
4867 2.385077e-04
4868 7.372664e-05
4869 1.231110e-07
4870 2.056217e-04
4871 3.090969e-07
4872 6.434992e-07
4873 1.325301e-06
4874 8.962238e-06
4875 8.419320e-08
4876 1.022520e-07
4877 1.719868e-05
4878 2.762112e-07
4879 1.733927e-08
4880 4.540623e-06
4881 9.607828e-07
4882 1.867071e-05
4883 4.462472e-07
4884 2.902394e-06
4885 1.706142e-06
4886 1.149431e-06
4887 5.149344e-06
4888 1.446565e-06
4889 3.840528e-07
4890 4.546603e-06
4891 1.902440e-04
4892 5.835083e-06
4893 5.569817e-07
4894 6.370738e-07
4895 1.695819e-06
4896 7.015459e-06
4897 8.617525e-04
4898 8.244771e-07
4899 2.527725e-07
4900 9.387883e-07
4901 2.897575e-05
4902 1.754357e-08
4903 2.846262e-08
4904 9.508269e-07
4905 4.010432e-08
4906 1.957125e-09
4907 3.590113e-06
4908 2.602043e-08
4909 1.843265e-06
4910 1.092351e-05
4911 1.399236e-06
4912 4.283109e-07
4913 1.873086e-07
4914 3.297221e-07
4915 3.134040e-07
4916 2.080037e-07
4917 4.416669e-07
4918 7.243719e-07
4919 3.623012e-07
4920 2.607447e-07
4921 5.661197e-07
4922 1.691160e-05
4923 4.455472e-06
4924 1.953128e-06
4925 2.703638e-06
4926 4.064043e-07
4927 9.121494e-05
4928 4.330910e-05
4929 5.402117e-08
4930 1.166994e-06
4931 1.412399e-06
4932 2.743363e-07
4933 2.178920e-07
4934 1.400854e-08
4935 1.848006e-07
4936 1.154100e-05
4937 1.438862e-07
4938 2.193647e-06
4939 3.039326e-06
4940 7.059419e-07
4941 1.008883e-06
4942 2.383756e-07
4943 9.454460e-06
4944 1.438571e-07
4945 3.260152e-06
4946 2.502335e-06
4947 6.646553e-08
4948 1.206967e-06
4949 2.039511e-06
4950 3.213631e-07
4951 2.388190e-07
4952 9.351703e-07
4953 2.373787e-07
4954 1.310697e-06
4955 8.580134e-08
4956 3.730717e-08
4957 1.455833e-08
4958 2.097160e-04
4959 5.330933e-05
4960 9.504092e-09
4961 1.665962e-07
4962 5.248022e-08
4963 3.195623e-06
4964 1.340211e-07
4965 8.763279e-08
4966 1.432170e-07
4967 1.880811e-07
4968 2.752776e-06
4969 1.260802e-05
4970 3.918137e-07
4971 4.802520e-04
4972 3.995034e-06
4973 7.130572e-07
4974 3.592882e-04
4975 8.680167e-08
4976 3.316723e-07
4977 3.935678e-05
4978 3.409108e-07
4979 9.336097e-07
4980 2.112337e-06
4981 9.725033e-05
4982 3.832349e-06
4983 5.316541e-06
4984 4.619991e-07
4985 1.473766e-06
4986 1.011164e-06
4987 2.191848e-06
4988 9.469062e-07
4989 5.615217e-07
4990 2.078413e-06
4991 3.765085e-06
4992 1.184421e-06
4993 4.724261e-07
4994 2.141549e-04
4995 4.958894e-06
4996 3.162177e-07
4997 1.451475e-06
4998 2.897056e-06
4999 1.887283e-07
5000 2.660681e-07
5001 1.701925e-07
5002 1.673632e-05
5003 5.265041e-05
5004 7.484943e-05
5005 3.686858e-08
5006 5.162493e-08
5007 4.641391e-08
5008 5.769882e-08
5009 1.776731e-06
5010 2.716014e-06
5011 4.794367e-07
5012 2.555433e-07
5013 2.899488e-07
5014 6.564092e-08
5015 3.213810e-08
5016 5.566537e-08
5017 3.282392e-06
5018 4.165216e-07
5019 5.190561e-06
5020 1.349225e-05
5021 1.266919e-05
5022 1.041200e-05
5023 7.605841e-08
5024 3.140981e-08
5025 2.889025e-08
5026 4.939481e-08
5027 4.512579e-04
5028 1.239308e-06
5029 3.625892e-04
5030 2.673146e-06
5031 1.077249e-07
5032 1.155600e-06
5033 3.218470e-07
5034 9.124315e-08
5035 5.493048e-07
5036 3.321189e-07
5037 4.576689e-06
5038 1.486126e-06
5039 1.503339e-07
5040 5.450275e-07
5041 3.061188e-06
5042 1.403132e-06
5043 1.174740e-06
5044 3.620684e-07
5045 3.407685e-07
5046 4.764612e-07
5047 1.646783e-05
5048 1.904780e-07
5049 2.984183e-06
5050 5.216757e-06
5051 3.168059e-07
5052 5.631176e-06
5053 2.139363e-05
5054 8.791933e-07
5055 1.134636e-06
5056 5.863561e-07
5057 7.203305e-06
5058 3.421187e-06
5059 6.702620e-06
5060 2.836340e-06
5061 6.635597e-07
5062 1.169081e-04
5063 1.892095e-06
5064 1.254693e-07
5065 2.185741e-08
5066 1.774302e-06
5067 6.839493e-06
5068 3.088142e-07
5069 7.674793e-07
5070 5.517518e-05
5071 2.058642e-06
5072 2.754160e-07
5073 1.594597e-06
5074 3.843130e-08
5075 3.387702e-06
5076 8.308618e-07
5077 8.269698e-04
5078 1.065494e-04
5079 3.196405e-06
5080 1.059944e-06
5081 1.261434e-06
5082 9.665619e-07
5083 5.070017e-05
5084 1.536204e-07
5085 1.661469e-08
5086 8.657352e-09
5087 5.177048e-06
5088 1.562469e-07
5089 2.970455e-05
5090 1.259931e-07
5091 3.633428e-07
5092 4.236415e-07
5093 2.533411e-07
5094 3.879918e-07
5095 1.947475e-06
5096 1.822208e-05
5097 1.718935e-05
5098 1.804047e-05
5099 6.303555e-08
5100 2.722682e-05
5101 2.878602e-06
5102 9.997795e-07
5103 5.666390e-06
5104 1.386032e-05
5105 1.572268e-04
5106 1.499446e-06
5107 1.974953e-07
5108 6.707445e-08
5109 1.452824e-08
5110 6.094032e-05
5111 1.257000e-06
5112 9.091588e-08
5113 2.457782e-05
5114 1.915829e-07
5115 2.666183e-04
5116 3.451702e-06
5117 3.401928e-07
5118 3.674291e-08
5119 1.034836e-05
5120 3.852653e-05
5121 2.391870e-07
5122 7.612892e-08
5123 3.887456e-07
5124 2.149514e-04
5125 1.691659e-05
5126 4.323191e-06
5127 1.259496e-07
5128 4.558182e-07
5129 6.815234e-07
5130 1.463103e-06
5131 2.941051e-06
5132 8.083753e-04
5133 1.595241e-07
5134 9.883159e-06
5135 3.744578e-06
5136 5.590453e-06
5137 1.067522e-06
5138 2.196913e-05
5139 8.191334e-06
5140 2.548722e-07
5141 1.469996e-05
5142 3.004431e-08
5143 6.338893e-06
5144 5.198643e-06
5145 1.000763e-07
5146 2.508122e-07
5147 2.103676e-07
5148 6.333964e-08
5149 7.503102e-08
5150 1.517951e-07
5151 2.725414e-06
5152 5.096687e-08
5153 1.873412e-05
5154 1.565888e-06
5155 6.925862e-05
5156 5.134999e-06
5157 8.862017e-04
5158 4.931462e-06
5159 1.601387e-06
5160 1.883647e-07
5161 1.643013e-06
5162 1.146240e-06
5163 1.595993e-05
5164 1.882181e-06
5165 1.753188e-04
5166 2.781365e-07
5167 7.467572e-08
5168 6.771523e-06
5169 7.573774e-06
5170 6.312033e-05
5171 8.595449e-08
5172 4.050969e-05
5173 8.942911e-05
5174 2.454028e-05
5175 8.138690e-08
5176 3.641976e-07
5177 2.265852e-06
5178 7.008208e-08
5179 1.851723e-05
5180 3.003123e-08
5181 1.659877e-04
5182 4.099820e-05
5183 1.822604e-07
5184 1.529006e-06
5185 8.769308e-07
5186 1.177849e-07
5187 1.175978e-07
5188 1.008854e-06
5189 5.638302e-06
5190 2.145673e-07
5191 4.469901e-06
5192 8.807748e-06
5193 6.084323e-06
5194 4.965019e-06
5195 2.506302e-03
5196 4.216930e-07
5197 3.967680e-06
5198 2.548314e-07
5199 4.250420e-06
5200 6.144653e-08
5201 3.050659e-07
5202 4.930834e-07
5203 6.834718e-07
5204 1.299126e-07
5205 1.346462e-04
5206 8.146316e-07
5207 5.375131e-08
5208 1.948313e-06
5209 3.208373e-06
5210 1.797646e-07
5211 5.214777e-05
5212 6.395765e-07
5213 2.444442e-07
5214 2.145258e-05
5215 2.123892e-07
5216 5.465644e-07
5217 1.922278e-07
5218 8.037610e-05
5219 3.377240e-07
5220 1.874511e-07
5221 2.931451e-06
5222 4.592601e-08
5223 7.182049e-09
5224 1.433867e-06
5225 1.747618e-07
5226 1.297573e-05
5227 5.257429e-08
5228 1.604368e-07
5229 5.745018e-08
5230 7.348825e-08
5231 3.129532e-07
5232 2.625734e-07
5233 1.025542e-06
5234 7.985226e-08
5235 1.747570e-07
5236 2.041121e-04
5237 5.075743e-05
5238 3.544153e-06
5239 2.422550e-05
5240 4.542471e-05
5241 2.195460e-05
5242 1.347291e-05
5243 1.750998e-07
5244 2.417704e-05
5245 1.144466e-06
5246 5.348322e-07
5247 7.823719e-07
5248 1.447690e-06
5249 6.144379e-06
5250 4.148200e-07
5251 2.871653e-05
5252 2.154985e-08
5253 2.436921e-07
5254 4.481987e-08
5255 1.908781e-03
5256 4.829474e-06
5257 2.640415e-05
5258 2.168666e-08
5259 2.619620e-06
5260 1.658607e-04
5261 5.957905e-08
5262 1.132614e-07
5263 3.477266e-05
5264 5.371083e-08
5265 2.909202e-07
5266 3.846348e-07
5267 2.882022e-06
5268 8.123655e-06
5269 4.472057e-07
5270 1.297807e-05
5271 3.058882e-05
5272 5.437814e-07
5273 2.331694e-06
5274 1.430009e-07
5275 3.891160e-07
5276 3.918249e-05
5277 5.664108e-06
5278 2.816748e-05
5279 3.968790e-07
5280 1.477563e-07
5281 1.466300e-06
5282 1.490070e-07
5283 4.432958e-06
5284 3.877924e-08
5285 2.209069e-08
5286 4.658838e-06
5287 2.105875e-06
5288 1.904421e-07
5289 1.243330e-06
5290 2.492109e-05
5291 1.373228e-06
5292 1.443379e-06
5293 1.338278e-07
5294 4.966543e-06
5295 6.671024e-05
5296 4.946374e-05
5297 1.247425e-08
5298 4.634198e-08
5299 4.928274e-08
5300 1.194339e-06
5301 2.679500e-06
5302 1.056953e-05
5303 5.357130e-08
5304 3.094591e-07
5305 8.854961e-04
5306 2.648969e-07
5307 3.242798e-07
5308 3.276689e-08
5309 3.562351e-05
5310 3.817520e-07
5311 1.187255e-05
5312 3.558894e-07
5313 2.742858e-06
5314 9.066489e-07
5315 5.424687e-04
5316 4.910276e-08
5317 3.727440e-06
5318 3.854914e-06
5319 6.171000e-08
5320 7.946576e-06
5321 2.546751e-06
5322 3.163563e-06
5323 9.671915e-06
5324 3.744529e-08
5325 8.622258e-07
5326 6.116579e-06
5327 7.867393e-08
5328 2.919308e-05
5329 5.922136e-07
5330 3.874098e-07
5331 5.369935e-07
5332 3.764725e-07
5333 3.866198e-07
5334 4.049680e-07
5335 4.921672e-07
5336 5.528165e-07
5337 9.118293e-07
5338 9.388932e-08
5339 9.543382e-07
5340 1.564660e-07
5341 1.603335e-07
5342 1.043918e-07
5343 5.387471e-08
5344 2.877561e-06
5345 1.610920e-07
5346 1.182821e-07
5347 8.463814e-07
5348 4.276319e-06
5349 1.318856e-07
5350 8.443121e-08
5351 3.000102e-05
5352 4.309906e-07
5353 3.467757e-06
5354 2.161071e-06
5355 8.319191e-06
5356 3.394418e-06
5357 2.402177e-05
5358 1.978518e-07
5359 1.253006e-07
5360 1.550104e-07
5361 4.487598e-07
5362 2.456008e-07
5363 5.610595e-08
5364 2.435410e-07
5365 5.378726e-06
5366 1.961024e-07
5367 1.632554e-05
5368 2.443318e-05
5369 1.924837e-06
5370 5.143864e-05
5371 3.739273e-07
5372 2.674932e-07
5373 8.477042e-03
5374 8.261839e-08
5375 9.953312e-04
5376 3.944366e-07
5377 1.307850e-05
5378 1.216909e-07
5379 8.372148e-07
5380 1.290294e-06
5381 2.969605e-07
5382 8.243704e-08
5383 1.903104e-07
5384 1.329462e-06
5385 6.451170e-04
5386 6.858637e-07
5387 2.599337e-06
5388 5.518595e-07
5389 6.811225e-07
5390 7.294228e-08
5391 1.046917e-06
5392 1.179061e-06
5393 5.618944e-08
5394 3.403545e-05
5395 3.800351e-05
5396 5.638184e-07
5397 4.951614e-07
5398 1.260734e-06
5399 7.581738e-07
5400 1.220064e-05
5401 3.137141e-06
5402 1.381440e-06
5403 1.129836e-05
5404 2.596292e-06
5405 7.970528e-05
5406 1.042039e-07
5407 1.181878e-08
5408 1.968430e-06
5409 1.160234e-06
5410 9.594575e-07
5411 1.098849e-06
5412 1.060156e-07
5413 3.510931e-05
5414 1.384385e-07
5415 4.038920e-08
5416 6.081283e-07
5417 1.326981e-06
5418 1.366885e-05
5419 9.856326e-06
5420 5.286359e-07
5421 1.539936e-06
5422 8.429561e-04
5423 5.897484e-07
5424 2.752259e-07
5425 4.807155e-06
5426 4.450486e-08
5427 4.042690e-07
5428 7.936817e-07
5429 3.803779e-04
5430 2.828893e-05
5431 4.379575e-06
5432 1.123491e-07
5433 8.306419e-07
5434 1.477433e-05
5435 3.041480e-06
5436 2.856266e-05
5437 3.685004e-08
5438 4.842847e-06
5439 2.333168e-08
5440 6.212146e-07
5441 4.739916e-07
5442 2.471929e-07
5443 3.039921e-07
5444 6.820464e-06
5445 4.875772e-08
5446 6.492331e-06
5447 3.110404e-06
5448 1.512169e-08
5449 1.711467e-03
5450 2.996474e-07
5451 2.215730e-05
5452 8.245649e-08
5453 2.740227e-07
5454 2.037266e-03
5455 5.708891e-08
5456 7.381888e-07
5457 5.078103e-08
5458 1.811966e-06
5459 3.104245e-07
5460 1.505721e-08
5461 3.220767e-07
5462 2.634682e-06
5463 1.634485e-06
5464 4.394316e-06
5465 2.416498e-05
5466 2.849611e-05
5467 2.440842e-05
5468 5.001360e-07
5469 5.753476e-05
5470 1.693611e-08
5471 8.253120e-08
5472 1.307833e-07
5473 5.672056e-07
