0 0.002138
1 0.001938
2 0.00178
3 0.00164
4 0.001632
5 0.001466
6 0.001302
7 0.001234
8 0.001208
9 0.001204
10 0.00118
11 0.0011
12 0.001094
13 0.001086
14 0.001084
15 0.001078
16 0.001068
17 0.00102
18 0.001018
19 0.001
20 0.00099
21 0.000988
22 0.000976
23 0.000954
24 0.000952
25 0.000952
26 0.000932
27 0.00092
28 0.000912
29 0.000884
30 0.000884
31 0.000874
32 0.00087
33 0.000852
34 0.000848
35 0.000824
36 0.000822
37 0.000822
38 0.000822
39 0.000814
40 0.000812
41 0.000806
42 0.0008
43 0.000798
44 0.000766
45 0.000764
46 0.000756
47 0.00073
48 0.000718
49 0.000712
50 0.000706
51 0.000704
52 0.000704
53 0.000702
54 0.000698
55 0.000686
56 0.00068
57 0.000678
58 0.000676
59 0.000674
60 0.000672
61 0.000668
62 0.000668
63 0.00066
64 0.00066
65 0.000658
66 0.000658
67 0.000656
68 0.000652
69 0.000644
70 0.000638
71 0.000634
72 0.000634
73 0.000634
74 0.000632
75 0.00063
76 0.000628
77 0.000628
78 0.000624
79 0.000622
80 0.000622
81 0.000622
82 0.000618
83 0.000614
84 0.000612
85 0.00061
86 0.000606
87 0.000604
88 0.000602
89 0.0006
90 0.0006
91 0.0006
92 0.000596
93 0.000596
94 0.000596
95 0.000592
96 0.000592
97 0.00059
98 0.000584
99 0.000584
100 0.000582
101 0.000582
102 0.000576
103 0.00057
104 0.000568
105 0.000568
106 0.000566
107 0.000564
108 0.000556
109 0.000556
110 0.000556
111 0.000556
112 0.000552
113 0.00055
114 0.000548
115 0.000548
116 0.00054
117 0.00054
118 0.00054
119 0.000538
120 0.000538
121 0.000534
122 0.000532
123 0.00053
124 0.000528
125 0.000526
126 0.000524
127 0.000524
128 0.000524
129 0.000522
130 0.000522
131 0.000522
132 0.00052
133 0.00052
134 0.00052
135 0.000518
136 0.000518
137 0.000516
138 0.000516
139 0.000514
140 0.000512
141 0.00051
142 0.00051
143 0.000508
144 0.000508
145 0.000508
146 0.000506
147 0.000502
148 0.000502
149 0.000502
150 0.000502
151 0.0005
152 0.000498
153 0.000494
154 0.000494
155 0.000494
156 0.000494
157 0.000494
158 0.000492
159 0.000492
160 0.00049
161 0.00049
162 0.00049
163 0.000488
164 0.000486
165 0.000486
166 0.000486
167 0.000484
168 0.000482
169 0.000482
170 0.00048
171 0.00048
172 0.00048
173 0.000478
174 0.000476
175 0.000476
176 0.000476
177 0.000474
178 0.000474
179 0.000474
180 0.000472
181 0.000472
182 0.00047
183 0.00047
184 0.000468
185 0.000468
186 0.000466
187 0.000466
188 0.000466
189 0.000466
190 0.000466
191 0.000466
192 0.000464
193 0.000462
194 0.000462
195 0.000462
196 0.000462
197 0.00046
198 0.00046
199 0.00046
200 0.000458
201 0.000458
202 0.000458
203 0.000456
204 0.000456
205 0.000456
206 0.000454
207 0.000452
208 0.000452
209 0.000452
210 0.000452
211 0.00045
212 0.00045
213 0.00045
214 0.000448
215 0.000448
216 0.000448
217 0.000446
218 0.000446
219 0.000446
220 0.000444
221 0.000444
222 0.000444
223 0.000442
224 0.00044
225 0.00044
226 0.00044
227 0.00044
228 0.00044
229 0.000438
230 0.000438
231 0.000438
232 0.000438
233 0.000438
234 0.000438
235 0.000438
236 0.000436
237 0.000436
238 0.000434
239 0.000434
240 0.000434
241 0.000432
242 0.000432
243 0.000432
244 0.00043
245 0.00043
246 0.00043
247 0.00043
248 0.00043
249 0.000428
250 0.000428
251 0.000428
252 0.000428
253 0.000428
254 0.000426
255 0.000424
256 0.000424
257 0.000424
258 0.000422
259 0.000422
260 0.000422
261 0.00042
262 0.00042
263 0.00042
264 0.00042
265 0.00042
266 0.00042
267 0.000418
268 0.000416
269 0.000414
270 0.000414
271 0.000414
272 0.000414
273 0.000414
274 0.000414
275 0.000412
276 0.000412
277 0.000412
278 0.00041
279 0.00041
280 0.00041
281 0.00041
282 0.00041
283 0.000408
284 0.000408
285 0.000408
286 0.000406
287 0.000404
288 0.000404
289 0.000404
290 0.000404
291 0.000402
292 0.000402
293 0.000402
294 0.000402
295 0.0004
296 0.0004
297 0.0004
298 0.0004
299 0.0004
300 0.0004
301 0.000398
302 0.000396
303 0.000396
304 0.000396
305 0.000394
306 0.000392
307 0.000392
308 0.00039
309 0.00039
310 0.00039
311 0.00039
312 0.00039
313 0.00039
314 0.00039
315 0.00039
316 0.00039
317 0.000388
318 0.000388
319 0.000388
320 0.000388
321 0.000386
322 0.000386
323 0.000386
324 0.000386
325 0.000386
326 0.000386
327 0.000384
328 0.000384
329 0.000384
330 0.000384
331 0.000384
332 0.000384
333 0.000384
334 0.000384
335 0.000382
336 0.000382
337 0.000382
338 0.000382
339 0.000382
340 0.000382
341 0.000382
342 0.000382
343 0.00038
344 0.00038
345 0.00038
346 0.000378
347 0.000378
348 0.000378
349 0.000378
350 0.000378
351 0.000376
352 0.000376
353 0.000376
354 0.000376
355 0.000376
356 0.000376
357 0.000374
358 0.000374
359 0.000374
360 0.000374
361 0.000374
362 0.000372
363 0.000372
364 0.000372
365 0.000372
366 0.00037
367 0.00037
368 0.00037
369 0.000368
370 0.000368
371 0.000368
372 0.000368
373 0.000368
374 0.000368
375 0.000368
376 0.000366
377 0.000366
378 0.000366
379 0.000366
380 0.000366
381 0.000366
382 0.000366
383 0.000366
384 0.000366
385 0.000364
386 0.000364
387 0.000364
388 0.000364
389 0.000364
390 0.000364
391 0.000364
392 0.000364
393 0.000364
394 0.000364
395 0.000362
396 0.000362
397 0.000362
398 0.000362
399 0.00036
400 0.00036
401 0.00036
402 0.000358
403 0.000358
404 0.000358
405 0.000358
406 0.000358
407 0.000358
408 0.000356
409 0.000356
410 0.000356
411 0.000356
412 0.000356
413 0.000356
414 0.000356
415 0.000354
416 0.000354
417 0.000354
418 0.000354
419 0.000354
420 0.000354
421 0.000354
422 0.000354
423 0.000354
424 0.000352
425 0.000352
426 0.000352
427 0.000352
428 0.000352
429 0.000352
430 0.000352
431 0.000352
432 0.000352
433 0.00035
434 0.00035
435 0.00035
436 0.00035
437 0.00035
438 0.00035
439 0.00035
440 0.00035
441 0.00035
442 0.000348
443 0.000348
444 0.000348
445 0.000346
446 0.000346
447 0.000346
448 0.000346
449 0.000346
450 0.000346
451 0.000346
452 0.000346
453 0.000346
454 0.000346
455 0.000344
456 0.000344
457 0.000344
458 0.000344
459 0.000344
460 0.000344
461 0.000342
462 0.000342
463 0.000342
464 0.000342
465 0.000342
466 0.000342
467 0.000342
468 0.000342
469 0.000342
470 0.000342
471 0.000342
472 0.00034
473 0.00034
474 0.00034
475 0.00034
476 0.00034
477 0.00034
478 0.00034
479 0.00034
480 0.00034
481 0.00034
482 0.00034
483 0.00034
484 0.00034
485 0.00034
486 0.00034
487 0.00034
488 0.000338
489 0.000338
490 0.000338
491 0.000338
492 0.000336
493 0.000336
494 0.000336
495 0.000336
496 0.000336
497 0.000336
498 0.000334
499 0.000334
500 0.000334
501 0.000332
502 0.000332
503 0.000332
504 0.000332
505 0.00033
506 0.00033
507 0.00033
508 0.00033
509 0.00033
510 0.00033
511 0.00033
512 0.00033
513 0.00033
514 0.00033
515 0.00033
516 0.000328
517 0.000328
518 0.000328
519 0.000328
520 0.000328
521 0.000328
522 0.000328
523 0.000328
524 0.000328
525 0.000328
526 0.000328
527 0.000326
528 0.000326
529 0.000326
530 0.000326
531 0.000326
532 0.000326
533 0.000326
534 0.000324
535 0.000324
536 0.000324
537 0.000324
538 0.000324
539 0.000324
540 0.000324
541 0.000324
542 0.000322
543 0.000322
544 0.000322
545 0.000322
546 0.00032
547 0.00032
548 0.00032
549 0.00032
550 0.00032
551 0.00032
552 0.00032
553 0.00032
554 0.00032
555 0.00032
556 0.000318
557 0.000318
558 0.000318
559 0.000318
560 0.000318
561 0.000318
562 0.000318
563 0.000316
564 0.000316
565 0.000316
566 0.000316
567 0.000316
568 0.000316
569 0.000316
570 0.000314
571 0.000314
572 0.000314
573 0.000314
574 0.000314
575 0.000314
576 0.000314
577 0.000314
578 0.000314
579 0.000312
580 0.000312
581 0.000312
582 0.000312
583 0.000312
584 0.000312
585 0.000312
586 0.000312
587 0.000312
588 0.000312
589 0.00031
590 0.00031
591 0.00031
592 0.00031
593 0.00031
594 0.00031
595 0.00031
596 0.00031
597 0.00031
598 0.00031
599 0.00031
600 0.00031
601 0.00031
602 0.000308
603 0.000308
604 0.000308
605 0.000308
606 0.000308
607 0.000308
608 0.000308
609 0.000308
610 0.000308
611 0.000308
612 0.000308
613 0.000308
614 0.000308
615 0.000308
616 0.000306
617 0.000306
618 0.000306
619 0.000306
620 0.000306
621 0.000306
622 0.000306
623 0.000306
624 0.000306
625 0.000306
626 0.000306
627 0.000306
628 0.000306
629 0.000306
630 0.000306
631 0.000306
632 0.000306
633 0.000304
634 0.000304
635 0.000304
636 0.000304
637 0.000304
638 0.000304
639 0.000304
640 0.000304
641 0.000304
642 0.000302
643 0.000302
644 0.000302
645 0.000302
646 0.000302
647 0.000302
648 0.000302
649 0.000302
650 0.000302
651 0.000302
652 0.000302
653 0.000302
654 0.000302
655 0.0003
656 0.0003
657 0.0003
658 0.0003
659 0.0003
660 0.0003
661 0.0003
662 0.0003
663 0.0003
664 0.0003
665 0.0003
666 0.0003
667 0.0003
668 0.0003
669 0.000298
670 0.000298
671 0.000298
672 0.000298
673 0.000298
674 0.000298
675 0.000298
676 0.000298
677 0.000298
678 0.000298
679 0.000298
680 0.000298
681 0.000298
682 0.000298
683 0.000298
684 0.000296
685 0.000296
686 0.000296
687 0.000296
688 0.000296
689 0.000296
690 0.000296
691 0.000296
692 0.000296
693 0.000296
694 0.000296
695 0.000296
696 0.000296
697 0.000294
698 0.000294
699 0.000294
700 0.000294
701 0.000294
702 0.000294
703 0.000294
704 0.000294
705 0.000294
706 0.000294
707 0.000292
708 0.000292
709 0.000292
710 0.000292
711 0.000292
712 0.000292
713 0.000292
714 0.000292
715 0.000292
716 0.000292
717 0.000292
718 0.000292
719 0.000292
720 0.000292
721 0.000292
722 0.00029
723 0.00029
724 0.00029
725 0.00029
726 0.00029
727 0.00029
728 0.00029
729 0.00029
730 0.00029
731 0.00029
732 0.00029
733 0.00029
734 0.00029
735 0.000288
736 0.000288
737 0.000288
738 0.000288
739 0.000288
740 0.000288
741 0.000288
742 0.000288
743 0.000288
744 0.000288
745 0.000288
746 0.000288
747 0.000286
748 0.000286
749 0.000286
750 0.000286
751 0.000286
752 0.000286
753 0.000286
754 0.000286
755 0.000286
756 0.000286
757 0.000286
758 0.000286
759 0.000286
760 0.000286
761 0.000286
762 0.000286
763 0.000286
764 0.000286
765 0.000286
766 0.000286
767 0.000284
768 0.000284
769 0.000284
770 0.000284
771 0.000284
772 0.000284
773 0.000284
774 0.000284
775 0.000284
776 0.000284
777 0.000284
778 0.000284
779 0.000284
780 0.000284
781 0.000282
782 0.000282
783 0.000282
784 0.000282
785 0.000282
786 0.000282
787 0.000282
788 0.000282
789 0.000282
790 0.000282
791 0.000282
792 0.000282
793 0.000282
794 0.000282
795 0.00028
796 0.00028
797 0.00028
798 0.00028
799 0.00028
800 0.00028
801 0.00028
802 0.00028
803 0.00028
804 0.00028
805 0.00028
806 0.00028
807 0.00028
808 0.000278
809 0.000278
810 0.000278
811 0.000278
812 0.000278
813 0.000278
814 0.000278
815 0.000278
816 0.000278
817 0.000278
818 0.000278
819 0.000278
820 0.000278
821 0.000276
822 0.000276
823 0.000276
824 0.000276
825 0.000276
826 0.000276
827 0.000276
828 0.000276
829 0.000276
830 0.000276
831 0.000276
832 0.000274
833 0.000274
834 0.000274
835 0.000274
836 0.000274
837 0.000274
838 0.000274
839 0.000274
840 0.000274
841 0.000274
842 0.000274
843 0.000274
844 0.000274
845 0.000274
846 0.000274
847 0.000272
848 0.000272
849 0.000272
850 0.000272
851 0.000272
852 0.000272
853 0.000272
854 0.000272
855 0.000272
856 0.00027
857 0.00027
858 0.00027
859 0.00027
860 0.00027
861 0.00027
862 0.00027
863 0.00027
864 0.00027
865 0.00027
866 0.00027
867 0.00027
868 0.00027
869 0.00027
870 0.00027
871 0.00027
872 0.00027
873 0.00027
874 0.00027
875 0.00027
876 0.000268
877 0.000268
878 0.000268
879 0.000268
880 0.000268
881 0.000268
882 0.000268
883 0.000268
884 0.000268
885 0.000268
886 0.000268
887 0.000268
888 0.000268
889 0.000266
890 0.000266
891 0.000266
892 0.000266
893 0.000266
894 0.000266
895 0.000266
896 0.000266
897 0.000266
898 0.000266
899 0.000266
900 0.000266
901 0.000266
902 0.000266
903 0.000264
904 0.000264
905 0.000264
906 0.000264
907 0.000264
908 0.000264
909 0.000264
910 0.000264
911 0.000264
912 0.000264
913 0.000264
914 0.000264
915 0.000264
916 0.000264
917 0.000262
918 0.000262
919 0.000262
920 0.000262
921 0.000262
922 0.000262
923 0.000262
924 0.000262
925 0.000262
926 0.000262
927 0.000262
928 0.000262
929 0.00026
930 0.00026
931 0.00026
932 0.00026
933 0.00026
934 0.00026
935 0.00026
936 0.00026
937 0.00026
938 0.00026
939 0.00026
940 0.00026
941 0.00026
942 0.00026
943 0.00026
944 0.00026
945 0.000258
946 0.000258
947 0.000258
948 0.000258
949 0.000258
950 0.000258
951 0.000258
952 0.000258
953 0.000258
954 0.000258
955 0.000258
956 0.000258
957 0.000258
958 0.000256
959 0.000256
960 0.000256
961 0.000256
962 0.000256
963 0.000256
964 0.000256
965 0.000256
966 0.000256
967 0.000256
968 0.000256
969 0.000256
970 0.000256
971 0.000256
972 0.000256
973 0.000256
974 0.000256
975 0.000256
976 0.000256
977 0.000256
978 0.000254
979 0.000254
980 0.000254
981 0.000254
982 0.000254
983 0.000254
984 0.000254
985 0.000254
986 0.000254
987 0.000254
988 0.000254
989 0.000254
990 0.000254
991 0.000254
992 0.000254
993 0.000254
994 0.000254
995 0.000254
996 0.000252
997 0.000252
998 0.000252
999 0.000252
1000 0.000252
1001 0.000252
1002 0.000252
1003 0.000252
1004 0.000252
1005 0.000252
1006 0.000252
1007 0.000252
1008 0.000252
1009 0.000252
1010 0.000252
1011 0.000252
1012 0.000252
1013 0.000252
1014 0.000252
1015 0.000252
1016 0.00025
1017 0.00025
1018 0.00025
1019 0.00025
1020 0.00025
1021 0.00025
1022 0.00025
1023 0.00025
1024 0.00025
1025 0.00025
1026 0.00025
1027 0.00025
1028 0.00025
1029 0.00025
1030 0.00025
1031 0.00025
1032 0.00025
1033 0.00025
1034 0.000248
1035 0.000248
1036 0.000248
1037 0.000248
1038 0.000248
1039 0.000248
1040 0.000248
1041 0.000248
1042 0.000248
1043 0.000248
1044 0.000248
1045 0.000248
1046 0.000248
1047 0.000248
1048 0.000248
1049 0.000248
1050 0.000248
1051 0.000248
1052 0.000248
1053 0.000246
1054 0.000246
1055 0.000246
1056 0.000246
1057 0.000246
1058 0.000246
1059 0.000246
1060 0.000246
1061 0.000246
1062 0.000246
1063 0.000246
1064 0.000246
1065 0.000246
1066 0.000246
1067 0.000246
1068 0.000244
1069 0.000244
1070 0.000244
1071 0.000244
1072 0.000244
1073 0.000244
1074 0.000244
1075 0.000244
1076 0.000244
1077 0.000244
1078 0.000244
1079 0.000244
1080 0.000244
1081 0.000244
1082 0.000242
1083 0.000242
1084 0.000242
1085 0.000242
1086 0.000242
1087 0.000242
1088 0.000242
1089 0.000242
1090 0.000242
1091 0.000242
1092 0.000242
1093 0.000242
1094 0.000242
1095 0.000242
1096 0.000242
1097 0.000242
1098 0.000242
1099 0.000242
1100 0.000242
1101 0.00024
1102 0.00024
1103 0.00024
1104 0.00024
1105 0.00024
1106 0.00024
1107 0.00024
1108 0.00024
1109 0.00024
1110 0.00024
1111 0.00024
1112 0.00024
1113 0.00024
1114 0.00024
1115 0.00024
1116 0.00024
1117 0.00024
1118 0.00024
1119 0.000238
1120 0.000238
1121 0.000238
1122 0.000238
1123 0.000238
1124 0.000238
1125 0.000238
1126 0.000238
1127 0.000238
1128 0.000238
1129 0.000238
1130 0.000238
1131 0.000238
1132 0.000238
1133 0.000238
1134 0.000238
1135 0.000238
1136 0.000238
1137 0.000238
1138 0.000238
1139 0.000238
1140 0.000238
1141 0.000238
1142 0.000238
1143 0.000236
1144 0.000236
1145 0.000236
1146 0.000236
1147 0.000236
1148 0.000236
1149 0.000236
1150 0.000236
1151 0.000236
1152 0.000236
1153 0.000236
1154 0.000236
1155 0.000236
1156 0.000236
1157 0.000236
1158 0.000236
1159 0.000236
1160 0.000236
1161 0.000236
1162 0.000236
1163 0.000236
1164 0.000236
1165 0.000234
1166 0.000234
1167 0.000234
1168 0.000234
1169 0.000234
1170 0.000234
1171 0.000234
1172 0.000234
1173 0.000234
1174 0.000234
1175 0.000234
1176 0.000234
1177 0.000234
1178 0.000234
1179 0.000234
1180 0.000234
1181 0.000234
1182 0.000234
1183 0.000234
1184 0.000232
1185 0.000232
1186 0.000232
1187 0.000232
1188 0.000232
1189 0.000232
1190 0.000232
1191 0.000232
1192 0.000232
1193 0.000232
1194 0.000232
1195 0.000232
1196 0.000232
1197 0.000232
1198 0.000232
1199 0.000232
1200 0.000232
1201 0.00023
1202 0.00023
1203 0.00023
1204 0.00023
1205 0.00023
1206 0.00023
1207 0.00023
1208 0.00023
1209 0.00023
1210 0.00023
1211 0.00023
1212 0.00023
1213 0.00023
1214 0.00023
1215 0.00023
1216 0.000228
1217 0.000228
1218 0.000228
1219 0.000228
1220 0.000228
1221 0.000228
1222 0.000228
1223 0.000228
1224 0.000228
1225 0.000228
1226 0.000228
1227 0.000228
1228 0.000228
1229 0.000228
1230 0.000228
1231 0.000228
1232 0.000228
1233 0.000228
1234 0.000228
1235 0.000228
1236 0.000228
1237 0.000228
1238 0.000228
1239 0.000228
1240 0.000228
1241 0.000228
1242 0.000228
1243 0.000228
1244 0.000228
1245 0.000228
1246 0.000228
1247 0.000228
1248 0.000228
1249 0.000228
1250 0.000228
1251 0.000228
1252 0.000228
1253 0.000226
1254 0.000226
1255 0.000226
1256 0.000226
1257 0.000226
1258 0.000226
1259 0.000226
1260 0.000226
1261 0.000226
1262 0.000226
1263 0.000226
1264 0.000226
1265 0.000226
1266 0.000226
1267 0.000226
1268 0.000226
1269 0.000226
1270 0.000226
1271 0.000226
1272 0.000226
1273 0.000226
1274 0.000226
1275 0.000226
1276 0.000226
1277 0.000226
1278 0.000226
1279 0.000226
1280 0.000226
1281 0.000226
1282 0.000224
1283 0.000224
1284 0.000224
1285 0.000224
1286 0.000224
1287 0.000224
1288 0.000224
1289 0.000224
1290 0.000224
1291 0.000224
1292 0.000224
1293 0.000224
1294 0.000224
1295 0.000224
1296 0.000222
1297 0.000222
1298 0.000222
1299 0.000222
1300 0.000222
1301 0.000222
1302 0.000222
1303 0.000222
1304 0.000222
1305 0.000222
1306 0.000222
1307 0.000222
1308 0.000222
1309 0.000222
1310 0.000222
1311 0.000222
1312 0.000222
1313 0.000222
1314 0.000222
1315 0.000222
1316 0.000222
1317 0.000222
1318 0.000222
1319 0.000222
1320 0.000222
1321 0.00022
1322 0.00022
1323 0.00022
1324 0.00022
1325 0.00022
1326 0.00022
1327 0.00022
1328 0.00022
1329 0.00022
1330 0.00022
1331 0.00022
1332 0.00022
1333 0.00022
1334 0.00022
1335 0.00022
1336 0.00022
1337 0.00022
1338 0.00022
1339 0.00022
1340 0.000218
1341 0.000218
1342 0.000218
1343 0.000218
1344 0.000218
1345 0.000218
1346 0.000218
1347 0.000218
1348 0.000218
1349 0.000218
1350 0.000218
1351 0.000218
1352 0.000218
1353 0.000218
1354 0.000218
1355 0.000218
1356 0.000218
1357 0.000218
1358 0.000218
1359 0.000218
1360 0.000218
1361 0.000218
1362 0.000218
1363 0.000218
1364 0.000218
1365 0.000218
1366 0.000218
1367 0.000216
1368 0.000216
1369 0.000216
1370 0.000216
1371 0.000216
1372 0.000216
1373 0.000216
1374 0.000216
1375 0.000216
1376 0.000216
1377 0.000216
1378 0.000216
1379 0.000216
1380 0.000216
1381 0.000216
1382 0.000216
1383 0.000216
1384 0.000216
1385 0.000216
1386 0.000216
1387 0.000216
1388 0.000216
1389 0.000216
1390 0.000216
1391 0.000216
1392 0.000216
1393 0.000216
1394 0.000216
1395 0.000216
1396 0.000216
1397 0.000216
1398 0.000214
1399 0.000214
1400 0.000214
1401 0.000214
1402 0.000214
1403 0.000214
1404 0.000214
1405 0.000214
1406 0.000214
1407 0.000214
1408 0.000214
1409 0.000214
1410 0.000214
1411 0.000214
1412 0.000214
1413 0.000214
1414 0.000214
1415 0.000214
1416 0.000214
1417 0.000214
1418 0.000214
1419 0.000212
1420 0.000212
1421 0.000212
1422 0.000212
1423 0.000212
1424 0.000212
1425 0.000212
1426 0.000212
1427 0.000212
1428 0.000212
1429 0.000212
1430 0.000212
1431 0.000212
1432 0.000212
1433 0.000212
1434 0.000212
1435 0.000212
1436 0.000212
1437 0.000212
1438 0.000212
1439 0.000212
1440 0.000212
1441 0.000212
1442 0.000212
1443 0.000212
1444 0.000212
1445 0.000212
1446 0.000212
1447 0.00021
1448 0.00021
1449 0.00021
1450 0.00021
1451 0.00021
1452 0.00021
1453 0.00021
1454 0.00021
1455 0.00021
1456 0.00021
1457 0.00021
1458 0.00021
1459 0.00021
1460 0.00021
1461 0.00021
1462 0.00021
1463 0.00021
1464 0.00021
1465 0.00021
1466 0.00021
1467 0.000208
1468 0.000208
1469 0.000208
1470 0.000208
1471 0.000208
1472 0.000208
1473 0.000208
1474 0.000208
1475 0.000208
1476 0.000208
1477 0.000208
1478 0.000208
1479 0.000208
1480 0.000208
1481 0.000208
1482 0.000208
1483 0.000208
1484 0.000208
1485 0.000208
1486 0.000208
1487 0.000208
1488 0.000208
1489 0.000208
1490 0.000208
1491 0.000208
1492 0.000208
1493 0.000208
1494 0.000208
1495 0.000208
1496 0.000208
1497 0.000208
1498 0.000208
1499 0.000208
1500 0.000208
1501 0.000208
1502 0.000208
1503 0.000208
1504 0.000208
1505 0.000208
1506 0.000208
1507 0.000208
1508 0.000206
1509 0.000206
1510 0.000206
1511 0.000206
1512 0.000206
1513 0.000206
1514 0.000206
1515 0.000206
1516 0.000206
1517 0.000206
1518 0.000206
1519 0.000206
1520 0.000206
1521 0.000206
1522 0.000206
1523 0.000206
1524 0.000206
1525 0.000206
1526 0.000206
1527 0.000206
1528 0.000206
1529 0.000206
1530 0.000206
1531 0.000206
1532 0.000206
1533 0.000206
1534 0.000206
1535 0.000206
1536 0.000206
1537 0.000206
1538 0.000206
1539 0.000206
1540 0.000206
1541 0.000206
1542 0.000204
1543 0.000204
1544 0.000204
1545 0.000204
1546 0.000204
1547 0.000204
1548 0.000204
1549 0.000204
1550 0.000204
1551 0.000204
1552 0.000204
1553 0.000204
1554 0.000204
1555 0.000204
1556 0.000204
1557 0.000204
1558 0.000204
1559 0.000204
1560 0.000204
1561 0.000204
1562 0.000204
1563 0.000204
1564 0.000204
1565 0.000204
1566 0.000204
1567 0.000204
1568 0.000204
1569 0.000202
1570 0.000202
1571 0.000202
1572 0.000202
1573 0.000202
1574 0.000202
1575 0.000202
1576 0.000202
1577 0.000202
1578 0.000202
1579 0.000202
1580 0.000202
1581 0.000202
1582 0.000202
1583 0.000202
1584 0.000202
1585 0.000202
1586 0.000202
1587 0.000202
1588 0.000202
1589 0.000202
1590 0.000202
1591 0.000202
1592 0.000202
1593 0.000202
1594 0.000202
1595 0.000202
1596 0.000202
1597 0.000202
1598 0.000202
1599 0.000202
1600 0.000202
1601 0.000202
1602 0.000202
1603 0.000202
1604 0.000202
1605 0.000202
1606 0.000202
1607 0.000202
1608 0.0002
1609 0.0002
1610 0.0002
1611 0.0002
1612 0.0002
1613 0.0002
1614 0.0002
1615 0.0002
1616 0.0002
1617 0.0002
1618 0.0002
1619 0.0002
1620 0.0002
1621 0.0002
1622 0.0002
1623 0.0002
1624 0.0002
1625 0.0002
1626 0.0002
1627 0.0002
1628 0.0002
1629 0.0002
1630 0.0002
1631 0.0002
1632 0.0002
1633 0.0002
1634 0.0002
1635 0.0002
1636 0.0002
1637 0.0002
1638 0.0002
1639 0.0002
1640 0.0002
1641 0.0002
1642 0.000198
1643 0.000198
1644 0.000198
1645 0.000198
1646 0.000198
1647 0.000198
1648 0.000198
1649 0.000198
1650 0.000198
1651 0.000198
1652 0.000198
1653 0.000198
1654 0.000198
1655 0.000198
1656 0.000198
1657 0.000198
1658 0.000198
1659 0.000198
1660 0.000198
1661 0.000198
1662 0.000198
1663 0.000198
1664 0.000198
1665 0.000198
1666 0.000198
1667 0.000198
1668 0.000198
1669 0.000196
1670 0.000196
1671 0.000196
1672 0.000196
1673 0.000196
1674 0.000196
1675 0.000196
1676 0.000196
1677 0.000196
1678 0.000196
1679 0.000196
1680 0.000196
1681 0.000196
1682 0.000196
1683 0.000196
1684 0.000196
1685 0.000196
1686 0.000196
1687 0.000196
1688 0.000196
1689 0.000196
1690 0.000196
1691 0.000196
1692 0.000196
1693 0.000196
1694 0.000196
1695 0.000196
1696 0.000196
1697 0.000196
1698 0.000196
1699 0.000196
1700 0.000196
1701 0.000196
1702 0.000194
1703 0.000194
1704 0.000194
1705 0.000194
1706 0.000194
1707 0.000194
1708 0.000194
1709 0.000194
1710 0.000194
1711 0.000194
1712 0.000194
1713 0.000194
1714 0.000194
1715 0.000194
1716 0.000194
1717 0.000194
1718 0.000194
1719 0.000194
1720 0.000194
1721 0.000194
1722 0.000194
1723 0.000194
1724 0.000194
1725 0.000194
1726 0.000194
1727 0.000194
1728 0.000194
1729 0.000194
1730 0.000194
1731 0.000194
1732 0.000194
1733 0.000194
1734 0.000194
1735 0.000194
1736 0.000194
1737 0.000194
1738 0.000194
1739 0.000194
1740 0.000194
1741 0.000194
1742 0.000192
1743 0.000192
1744 0.000192
1745 0.000192
1746 0.000192
1747 0.000192
1748 0.000192
1749 0.000192
1750 0.000192
1751 0.000192
1752 0.000192
1753 0.000192
1754 0.000192
1755 0.000192
1756 0.000192
1757 0.000192
1758 0.000192
1759 0.000192
1760 0.000192
1761 0.000192
1762 0.000192
1763 0.000192
1764 0.000192
1765 0.000192
1766 0.000192
1767 0.000192
1768 0.000192
1769 0.000192
1770 0.000192
1771 0.000192
1772 0.000192
1773 0.000192
1774 0.000192
1775 0.000192
1776 0.000192
1777 0.000192
1778 0.00019
1779 0.00019
1780 0.00019
1781 0.00019
1782 0.00019
1783 0.00019
1784 0.00019
1785 0.00019
1786 0.00019
1787 0.00019
1788 0.00019
1789 0.00019
1790 0.00019
1791 0.00019
1792 0.00019
1793 0.00019
1794 0.00019
1795 0.00019
1796 0.00019
1797 0.00019
1798 0.00019
1799 0.00019
1800 0.00019
1801 0.00019
1802 0.00019
1803 0.00019
1804 0.00019
1805 0.00019
1806 0.00019
1807 0.00019
1808 0.00019
1809 0.00019
1810 0.00019
1811 0.00019
1812 0.00019
1813 0.00019
1814 0.00019
1815 0.00019
1816 0.00019
1817 0.00019
1818 0.000188
1819 0.000188
1820 0.000188
1821 0.000188
1822 0.000188
1823 0.000188
1824 0.000188
1825 0.000188
1826 0.000188
1827 0.000188
1828 0.000188
1829 0.000188
1830 0.000188
1831 0.000188
1832 0.000188
1833 0.000188
1834 0.000188
1835 0.000188
1836 0.000188
1837 0.000188
1838 0.000188
1839 0.000188
1840 0.000188
1841 0.000188
1842 0.000188
1843 0.000188
1844 0.000188
1845 0.000188
1846 0.000188
1847 0.000188
1848 0.000188
1849 0.000188
1850 0.000188
1851 0.000188
1852 0.000186
1853 0.000186
1854 0.000186
1855 0.000186
1856 0.000186
1857 0.000186
1858 0.000186
1859 0.000186
1860 0.000186
1861 0.000186
1862 0.000186
1863 0.000186
1864 0.000186
1865 0.000186
1866 0.000186
1867 0.000186
1868 0.000186
1869 0.000186
1870 0.000186
1871 0.000186
1872 0.000186
1873 0.000186
1874 0.000186
1875 0.000186
1876 0.000186
1877 0.000186
1878 0.000186
1879 0.000186
1880 0.000186
1881 0.000186
1882 0.000186
1883 0.000186
1884 0.000186
1885 0.000186
1886 0.000186
1887 0.000186
1888 0.000186
1889 0.000186
1890 0.000186
1891 0.000186
1892 0.000184
1893 0.000184
1894 0.000184
1895 0.000184
1896 0.000184
1897 0.000184
1898 0.000184
1899 0.000184
1900 0.000184
1901 0.000184
1902 0.000184
1903 0.000184
1904 0.000184
1905 0.000184
1906 0.000184
1907 0.000184
1908 0.000184
1909 0.000184
1910 0.000184
1911 0.000184
1912 0.000184
1913 0.000184
1914 0.000184
1915 0.000184
1916 0.000184
1917 0.000184
1918 0.000184
1919 0.000184
1920 0.000184
1921 0.000184
1922 0.000184
1923 0.000184
1924 0.000184
1925 0.000184
1926 0.000184
1927 0.000184
1928 0.000184
1929 0.000184
1930 0.000184
1931 0.000184
1932 0.000184
1933 0.000184
1934 0.000184
1935 0.000184
1936 0.000184
1937 0.000184
1938 0.000182
1939 0.000182
1940 0.000182
1941 0.000182
1942 0.000182
1943 0.000182
1944 0.000182
1945 0.000182
1946 0.000182
1947 0.000182
1948 0.000182
1949 0.000182
1950 0.000182
1951 0.000182
1952 0.000182
1953 0.000182
1954 0.000182
1955 0.000182
1956 0.000182
1957 0.000182
1958 0.000182
1959 0.000182
1960 0.000182
1961 0.000182
1962 0.000182
1963 0.000182
1964 0.000182
1965 0.000182
1966 0.000182
1967 0.000182
1968 0.000182
1969 0.000182
1970 0.000182
1971 0.000182
1972 0.000182
1973 0.000182
1974 0.000182
1975 0.000182
1976 0.000182
1977 0.000182
1978 0.000182
1979 0.000182
1980 0.000182
1981 0.000182
1982 0.000182
1983 0.000182
1984 0.00018
1985 0.00018
1986 0.00018
1987 0.00018
1988 0.00018
1989 0.00018
1990 0.00018
1991 0.00018
1992 0.00018
1993 0.00018
1994 0.00018
1995 0.00018
1996 0.00018
1997 0.00018
1998 0.00018
1999 0.00018
2000 0.00018
2001 0.00018
2002 0.00018
2003 0.00018
2004 0.00018
2005 0.00018
2006 0.00018
2007 0.00018
2008 0.00018
2009 0.00018
2010 0.00018
2011 0.00018
2012 0.00018
2013 0.00018
2014 0.00018
2015 0.000178
2016 0.000178
2017 0.000178
2018 0.000178
2019 0.000178
2020 0.000178
2021 0.000178
2022 0.000178
2023 0.000178
2024 0.000178
2025 0.000178
2026 0.000178
2027 0.000178
2028 0.000178
2029 0.000178
2030 0.000178
2031 0.000178
2032 0.000178
2033 0.000178
2034 0.000178
2035 0.000178
2036 0.000178
2037 0.000178
2038 0.000178
2039 0.000178
2040 0.000178
2041 0.000178
2042 0.000178
2043 0.000178
2044 0.000178
2045 0.000178
2046 0.000178
2047 0.000178
2048 0.000178
2049 0.000178
2050 0.000178
2051 0.000178
2052 0.000178
2053 0.000178
2054 0.000178
2055 0.000178
2056 0.000178
2057 0.000178
2058 0.000178
2059 0.000178
2060 0.000178
2061 0.000178
2062 0.000176
2063 0.000176
2064 0.000176
2065 0.000176
2066 0.000176
2067 0.000176
2068 0.000176
2069 0.000176
2070 0.000176
2071 0.000176
2072 0.000176
2073 0.000176
2074 0.000176
2075 0.000176
2076 0.000176
2077 0.000176
2078 0.000176
2079 0.000176
2080 0.000176
2081 0.000176
2082 0.000176
2083 0.000176
2084 0.000176
2085 0.000176
2086 0.000176
2087 0.000176
2088 0.000176
2089 0.000176
2090 0.000176
2091 0.000176
2092 0.000176
2093 0.000176
2094 0.000176
2095 0.000176
2096 0.000176
2097 0.000176
2098 0.000176
2099 0.000176
2100 0.000174
2101 0.000174
2102 0.000174
2103 0.000174
2104 0.000174
2105 0.000174
2106 0.000174
2107 0.000174
2108 0.000174
2109 0.000174
2110 0.000174
2111 0.000174
2112 0.000174
2113 0.000174
2114 0.000174
2115 0.000174
2116 0.000174
2117 0.000174
2118 0.000174
2119 0.000174
2120 0.000174
2121 0.000174
2122 0.000174
2123 0.000174
2124 0.000174
2125 0.000174
2126 0.000174
2127 0.000174
2128 0.000174
2129 0.000174
2130 0.000174
2131 0.000174
2132 0.000174
2133 0.000174
2134 0.000174
2135 0.000174
2136 0.000174
2137 0.000174
2138 0.000174
2139 0.000174
2140 0.000174
2141 0.000174
2142 0.000174
2143 0.000174
2144 0.000174
2145 0.000174
2146 0.000174
2147 0.000174
2148 0.000174
2149 0.000174
2150 0.000172
2151 0.000172
2152 0.000172
2153 0.000172
2154 0.000172
2155 0.000172
2156 0.000172
2157 0.000172
2158 0.000172
2159 0.000172
2160 0.000172
2161 0.000172
2162 0.000172
2163 0.000172
2164 0.000172
2165 0.000172
2166 0.000172
2167 0.000172
2168 0.000172
2169 0.000172
2170 0.000172
2171 0.000172
2172 0.000172
2173 0.000172
2174 0.000172
2175 0.000172
2176 0.000172
2177 0.000172
2178 0.000172
2179 0.000172
2180 0.000172
2181 0.000172
2182 0.000172
2183 0.000172
2184 0.000172
2185 0.000172
2186 0.000172
2187 0.000172
2188 0.000172
2189 0.000172
2190 0.000172
2191 0.000172
2192 0.00017
2193 0.00017
2194 0.00017
2195 0.00017
2196 0.00017
2197 0.00017
2198 0.00017
2199 0.00017
2200 0.00017
2201 0.00017
2202 0.00017
2203 0.00017
2204 0.00017
2205 0.00017
2206 0.00017
2207 0.00017
2208 0.00017
2209 0.00017
2210 0.00017
2211 0.00017
2212 0.00017
2213 0.00017
2214 0.00017
2215 0.00017
2216 0.00017
2217 0.00017
2218 0.00017
2219 0.00017
2220 0.00017
2221 0.00017
2222 0.00017
2223 0.00017
2224 0.00017
2225 0.00017
2226 0.00017
2227 0.00017
2228 0.00017
2229 0.000168
2230 0.000168
2231 0.000168
2232 0.000168
2233 0.000168
2234 0.000168
2235 0.000168
2236 0.000168
2237 0.000168
2238 0.000168
2239 0.000168
2240 0.000168
2241 0.000168
2242 0.000168
2243 0.000168
2244 0.000168
2245 0.000168
2246 0.000168
2247 0.000168
2248 0.000168
2249 0.000168
2250 0.000168
2251 0.000168
2252 0.000168
2253 0.000168
2254 0.000168
2255 0.000168
2256 0.000168
2257 0.000168
2258 0.000168
2259 0.000168
2260 0.000168
2261 0.000168
2262 0.000168
2263 0.000168
2264 0.000168
2265 0.000168
2266 0.000168
2267 0.000168
2268 0.000168
2269 0.000168
2270 0.000168
2271 0.000168
2272 0.000168
2273 0.000168
2274 0.000166
2275 0.000166
2276 0.000166
2277 0.000166
2278 0.000166
2279 0.000166
2280 0.000166
2281 0.000166
2282 0.000166
2283 0.000166
2284 0.000166
2285 0.000166
2286 0.000166
2287 0.000166
2288 0.000166
2289 0.000166
2290 0.000166
2291 0.000166
2292 0.000166
2293 0.000166
2294 0.000166
2295 0.000166
2296 0.000166
2297 0.000166
2298 0.000166
2299 0.000166
2300 0.000166
2301 0.000166
2302 0.000166
2303 0.000164
2304 0.000164
2305 0.000164
2306 0.000164
2307 0.000164
2308 0.000164
2309 0.000164
2310 0.000164
2311 0.000164
2312 0.000164
2313 0.000164
2314 0.000164
2315 0.000164
2316 0.000164
2317 0.000164
2318 0.000164
2319 0.000164
2320 0.000164
2321 0.000164
2322 0.000164
2323 0.000164
2324 0.000164
2325 0.000164
2326 0.000164
2327 0.000164
2328 0.000164
2329 0.000164
2330 0.000164
2331 0.000164
2332 0.000164
2333 0.000164
2334 0.000162
2335 0.000162
2336 0.000162
2337 0.000162
2338 0.000162
2339 0.000162
2340 0.000162
2341 0.000162
2342 0.000162
2343 0.000162
2344 0.000162
2345 0.000162
2346 0.000162
2347 0.000162
2348 0.000162
2349 0.000162
2350 0.000162
2351 0.000162
2352 0.000162
2353 0.000162
2354 0.000162
2355 0.000162
2356 0.000162
2357 0.000162
2358 0.000162
2359 0.000162
2360 0.000162
2361 0.000162
2362 0.000162
2363 0.000162
2364 0.000162
2365 0.000162
2366 0.000162
2367 0.000162
2368 0.000162
2369 0.000162
2370 0.000162
2371 0.000162
2372 0.000162
2373 0.000162
2374 0.000162
2375 0.000162
2376 0.000162
2377 0.000162
2378 0.000162
2379 0.000162
2380 0.000162
2381 0.000162
2382 0.00016
2383 0.00016
2384 0.00016
2385 0.00016
2386 0.00016
2387 0.00016
2388 0.00016
2389 0.00016
2390 0.00016
2391 0.00016
2392 0.00016
2393 0.00016
2394 0.00016
2395 0.00016
2396 0.00016
2397 0.00016
2398 0.00016
2399 0.00016
2400 0.00016
2401 0.00016
2402 0.00016
2403 0.00016
2404 0.00016
2405 0.00016
2406 0.00016
2407 0.00016
2408 0.00016
2409 0.00016
2410 0.00016
2411 0.00016
2412 0.00016
2413 0.00016
2414 0.00016
2415 0.00016
2416 0.00016
2417 0.00016
2418 0.00016
2419 0.00016
2420 0.00016
2421 0.00016
2422 0.00016
2423 0.00016
2424 0.00016
2425 0.00016
2426 0.00016
2427 0.00016
2428 0.00016
2429 0.00016
2430 0.00016
2431 0.00016
2432 0.00016
2433 0.00016
2434 0.00016
2435 0.00016
2436 0.00016
2437 0.00016
2438 0.00016
2439 0.00016
2440 0.00016
2441 0.00016
2442 0.00016
2443 0.000158
2444 0.000158
2445 0.000158
2446 0.000158
2447 0.000158
2448 0.000158
2449 0.000158
2450 0.000158
2451 0.000158
2452 0.000158
2453 0.000158
2454 0.000158
2455 0.000158
2456 0.000158
2457 0.000158
2458 0.000158
2459 0.000158
2460 0.000158
2461 0.000158
2462 0.000158
2463 0.000158
2464 0.000158
2465 0.000158
2466 0.000158
2467 0.000158
2468 0.000158
2469 0.000158
2470 0.000158
2471 0.000158
2472 0.000158
2473 0.000158
2474 0.000158
2475 0.000158
2476 0.000158
2477 0.000158
2478 0.000156
2479 0.000156
2480 0.000156
2481 0.000156
2482 0.000156
2483 0.000156
2484 0.000156
2485 0.000156
2486 0.000156
2487 0.000156
2488 0.000156
2489 0.000156
2490 0.000156
2491 0.000156
2492 0.000156
2493 0.000156
2494 0.000156
2495 0.000156
2496 0.000156
2497 0.000156
2498 0.000156
2499 0.000156
2500 0.000156
2501 0.000156
2502 0.000156
2503 0.000156
2504 0.000156
2505 0.000156
2506 0.000156
2507 0.000156
2508 0.000156
2509 0.000156
2510 0.000156
2511 0.000156
2512 0.000156
2513 0.000156
2514 0.000156
2515 0.000156
2516 0.000156
2517 0.000156
2518 0.000154
2519 0.000154
2520 0.000154
2521 0.000154
2522 0.000154
2523 0.000154
2524 0.000154
2525 0.000154
2526 0.000154
2527 0.000154
2528 0.000154
2529 0.000154
2530 0.000154
2531 0.000154
2532 0.000154
2533 0.000154
2534 0.000154
2535 0.000154
2536 0.000154
2537 0.000154
2538 0.000154
2539 0.000154
2540 0.000154
2541 0.000154
2542 0.000154
2543 0.000154
2544 0.000154
2545 0.000154
2546 0.000154
2547 0.000154
2548 0.000154
2549 0.000154
2550 0.000154
2551 0.000154
2552 0.000154
2553 0.000154
2554 0.000154
2555 0.000154
2556 0.000154
2557 0.000154
2558 0.000154
2559 0.000154
2560 0.000152
2561 0.000152
2562 0.000152
2563 0.000152
2564 0.000152
2565 0.000152
2566 0.000152
2567 0.000152
2568 0.000152
2569 0.000152
2570 0.000152
2571 0.000152
2572 0.000152
2573 0.000152
2574 0.000152
2575 0.000152
2576 0.000152
2577 0.000152
2578 0.000152
2579 0.000152
2580 0.000152
2581 0.000152
2582 0.000152
2583 0.000152
2584 0.000152
2585 0.000152
2586 0.000152
2587 0.000152
2588 0.000152
2589 0.000152
2590 0.000152
2591 0.000152
2592 0.000152
2593 0.000152
2594 0.000152
2595 0.000152
2596 0.000152
2597 0.000152
2598 0.000152
2599 0.000152
2600 0.000152
2601 0.000152
2602 0.000152
2603 0.000152
2604 0.000152
2605 0.000152
2606 0.00015
2607 0.00015
2608 0.00015
2609 0.00015
2610 0.00015
2611 0.00015
2612 0.00015
2613 0.00015
2614 0.00015
2615 0.00015
2616 0.00015
2617 0.00015
2618 0.00015
2619 0.00015
2620 0.00015
2621 0.00015
2622 0.00015
2623 0.00015
2624 0.00015
2625 0.00015
2626 0.00015
2627 0.00015
2628 0.00015
2629 0.00015
2630 0.00015
2631 0.00015
2632 0.00015
2633 0.00015
2634 0.00015
2635 0.00015
2636 0.00015
2637 0.00015
2638 0.00015
2639 0.00015
2640 0.00015
2641 0.00015
2642 0.00015
2643 0.00015
2644 0.00015
2645 0.00015
2646 0.00015
2647 0.00015
2648 0.00015
2649 0.00015
2650 0.00015
2651 0.00015
2652 0.00015
2653 0.00015
2654 0.00015
2655 0.00015
2656 0.00015
2657 0.00015
2658 0.00015
2659 0.00015
2660 0.00015
2661 0.00015
2662 0.00015
2663 0.00015
2664 0.00015
2665 0.00015
2666 0.00015
2667 0.000148
2668 0.000148
2669 0.000148
2670 0.000148
2671 0.000148
2672 0.000148
2673 0.000148
2674 0.000148
2675 0.000148
2676 0.000148
2677 0.000148
2678 0.000148
2679 0.000148
2680 0.000148
2681 0.000148
2682 0.000148
2683 0.000148
2684 0.000148
2685 0.000148
2686 0.000148
2687 0.000148
2688 0.000148
2689 0.000148
2690 0.000148
2691 0.000148
2692 0.000148
2693 0.000148
2694 0.000148
2695 0.000148
2696 0.000148
2697 0.000148
2698 0.000148
2699 0.000148
2700 0.000148
2701 0.000148
2702 0.000148
2703 0.000148
2704 0.000148
2705 0.000148
2706 0.000148
2707 0.000148
2708 0.000148
2709 0.000148
2710 0.000148
2711 0.000148
2712 0.000148
2713 0.000148
2714 0.000148
2715 0.000148
2716 0.000148
2717 0.000148
2718 0.000148
2719 0.000148
2720 0.000148
2721 0.000148
2722 0.000148
2723 0.000148
2724 0.000148
2725 0.000148
2726 0.000148
2727 0.000148
2728 0.000148
2729 0.000148
2730 0.000148
2731 0.000148
2732 0.000146
2733 0.000146
2734 0.000146
2735 0.000146
2736 0.000146
2737 0.000146
2738 0.000146
2739 0.000146
2740 0.000146
2741 0.000146
2742 0.000146
2743 0.000146
2744 0.000146
2745 0.000146
2746 0.000146
2747 0.000146
2748 0.000146
2749 0.000146
2750 0.000146
2751 0.000146
2752 0.000146
2753 0.000146
2754 0.000146
2755 0.000146
2756 0.000146
2757 0.000146
2758 0.000146
2759 0.000146
2760 0.000146
2761 0.000146
2762 0.000146
2763 0.000146
2764 0.000146
2765 0.000146
2766 0.000146
2767 0.000146
2768 0.000146
2769 0.000144
2770 0.000144
2771 0.000144
2772 0.000144
2773 0.000144
2774 0.000144
2775 0.000144
2776 0.000144
2777 0.000144
2778 0.000144
2779 0.000144
2780 0.000144
2781 0.000144
2782 0.000144
2783 0.000144
2784 0.000144
2785 0.000144
2786 0.000144
2787 0.000144
2788 0.000144
2789 0.000144
2790 0.000144
2791 0.000144
2792 0.000144
2793 0.000144
2794 0.000144
2795 0.000144
2796 0.000144
2797 0.000144
2798 0.000144
2799 0.000144
2800 0.000144
2801 0.000144
2802 0.000144
2803 0.000144
2804 0.000144
2805 0.000144
2806 0.000144
2807 0.000144
2808 0.000144
2809 0.000144
2810 0.000144
2811 0.000144
2812 0.000144
2813 0.000144
2814 0.000144
2815 0.000144
2816 0.000144
2817 0.000142
2818 0.000142
2819 0.000142
2820 0.000142
2821 0.000142
2822 0.000142
2823 0.000142
2824 0.000142
2825 0.000142
2826 0.000142
2827 0.000142
2828 0.000142
2829 0.000142
2830 0.000142
2831 0.000142
2832 0.000142
2833 0.000142
2834 0.000142
2835 0.000142
2836 0.000142
2837 0.000142
2838 0.000142
2839 0.000142
2840 0.000142
2841 0.000142
2842 0.000142
2843 0.000142
2844 0.000142
2845 0.000142
2846 0.000142
2847 0.000142
2848 0.000142
2849 0.000142
2850 0.000142
2851 0.000142
2852 0.000142
2853 0.000142
2854 0.000142
2855 0.000142
2856 0.000142
2857 0.000142
2858 0.000142
2859 0.000142
2860 0.000142
2861 0.000142
2862 0.00014
2863 0.00014
2864 0.00014
2865 0.00014
2866 0.00014
2867 0.00014
2868 0.00014
2869 0.00014
2870 0.00014
2871 0.00014
2872 0.00014
2873 0.00014
2874 0.00014
2875 0.00014
2876 0.00014
2877 0.00014
2878 0.00014
2879 0.00014
2880 0.00014
2881 0.00014
2882 0.00014
2883 0.00014
2884 0.00014
2885 0.00014
2886 0.00014
2887 0.00014
2888 0.00014
2889 0.00014
2890 0.00014
2891 0.00014
2892 0.00014
2893 0.00014
2894 0.00014
2895 0.00014
2896 0.00014
2897 0.00014
2898 0.00014
2899 0.00014
2900 0.00014
2901 0.00014
2902 0.00014
2903 0.00014
2904 0.00014
2905 0.00014
2906 0.00014
2907 0.00014
2908 0.00014
2909 0.00014
2910 0.00014
2911 0.00014
2912 0.00014
2913 0.00014
2914 0.00014
2915 0.00014
2916 0.000138
2917 0.000138
2918 0.000138
2919 0.000138
2920 0.000138
2921 0.000138
2922 0.000138
2923 0.000138
2924 0.000138
2925 0.000138
2926 0.000138
2927 0.000138
2928 0.000138
2929 0.000138
2930 0.000138
2931 0.000138
2932 0.000138
2933 0.000138
2934 0.000138
2935 0.000138
2936 0.000138
2937 0.000138
2938 0.000138
2939 0.000138
2940 0.000138
2941 0.000138
2942 0.000138
2943 0.000138
2944 0.000138
2945 0.000138
2946 0.000138
2947 0.000138
2948 0.000138
2949 0.000138
2950 0.000138
2951 0.000138
2952 0.000138
2953 0.000138
2954 0.000138
2955 0.000138
2956 0.000138
2957 0.000138
2958 0.000138
2959 0.000138
2960 0.000138
2961 0.000138
2962 0.000138
2963 0.000138
2964 0.000138
2965 0.000138
2966 0.000138
2967 0.000138
2968 0.000138
2969 0.000138
2970 0.000138
2971 0.000138
2972 0.000138
2973 0.000138
2974 0.000138
2975 0.000138
2976 0.000138
2977 0.000138
2978 0.000138
2979 0.000138
2980 0.000138
2981 0.000138
2982 0.000136
2983 0.000136
2984 0.000136
2985 0.000136
2986 0.000136
2987 0.000136
2988 0.000136
2989 0.000136
2990 0.000136
2991 0.000136
2992 0.000136
2993 0.000136
2994 0.000136
2995 0.000136
2996 0.000136
2997 0.000136
2998 0.000136
2999 0.000136
3000 0.000136
3001 0.000136
3002 0.000136
3003 0.000136
3004 0.000136
3005 0.000136
3006 0.000136
3007 0.000136
3008 0.000136
3009 0.000136
3010 0.000136
3011 0.000136
3012 0.000136
3013 0.000136
3014 0.000136
3015 0.000136
3016 0.000136
3017 0.000136
3018 0.000136
3019 0.000136
3020 0.000136
3021 0.000136
3022 0.000136
3023 0.000136
3024 0.000136
3025 0.000136
3026 0.000136
3027 0.000136
3028 0.000136
3029 0.000136
3030 0.000136
3031 0.000136
3032 0.000136
3033 0.000136
3034 0.000136
3035 0.000136
3036 0.000136
3037 0.000136
3038 0.000136
3039 0.000134
3040 0.000134
3041 0.000134
3042 0.000134
3043 0.000134
3044 0.000134
3045 0.000134
3046 0.000134
3047 0.000134
3048 0.000134
3049 0.000134
3050 0.000134
3051 0.000134
3052 0.000134
3053 0.000134
3054 0.000134
3055 0.000134
3056 0.000134
3057 0.000134
3058 0.000134
3059 0.000134
3060 0.000134
3061 0.000134
3062 0.000134
3063 0.000134
3064 0.000134
3065 0.000134
3066 0.000134
3067 0.000134
3068 0.000134
3069 0.000134
3070 0.000134
3071 0.000134
3072 0.000134
3073 0.000134
3074 0.000134
3075 0.000134
3076 0.000134
3077 0.000134
3078 0.000134
3079 0.000134
3080 0.000134
3081 0.000134
3082 0.000134
3083 0.000134
3084 0.000134
3085 0.000134
3086 0.000134
3087 0.000134
3088 0.000134
3089 0.000134
3090 0.000134
3091 0.000134
3092 0.000134
3093 0.000134
3094 0.000134
3095 0.000134
3096 0.000134
3097 0.000134
3098 0.000134
3099 0.000134
3100 0.000132
3101 0.000132
3102 0.000132
3103 0.000132
3104 0.000132
3105 0.000132
3106 0.000132
3107 0.000132
3108 0.000132
3109 0.000132
3110 0.000132
3111 0.000132
3112 0.000132
3113 0.000132
3114 0.000132
3115 0.000132
3116 0.000132
3117 0.000132
3118 0.000132
3119 0.000132
3120 0.000132
3121 0.000132
3122 0.000132
3123 0.000132
3124 0.000132
3125 0.000132
3126 0.000132
3127 0.000132
3128 0.000132
3129 0.000132
3130 0.000132
3131 0.000132
3132 0.000132
3133 0.000132
3134 0.000132
3135 0.000132
3136 0.000132
3137 0.000132
3138 0.000132
3139 0.000132
3140 0.000132
3141 0.000132
3142 0.000132
3143 0.000132
3144 0.000132
3145 0.000132
3146 0.000132
3147 0.000132
3148 0.000132
3149 0.000132
3150 0.000132
3151 0.000132
3152 0.000132
3153 0.000132
3154 0.000132
3155 0.000132
3156 0.000132
3157 0.000132
3158 0.000132
3159 0.000132
3160 0.000132
3161 0.000132
3162 0.000132
3163 0.00013
3164 0.00013
3165 0.00013
3166 0.00013
3167 0.00013
3168 0.00013
3169 0.00013
3170 0.00013
3171 0.00013
3172 0.00013
3173 0.00013
3174 0.00013
3175 0.00013
3176 0.00013
3177 0.00013
3178 0.00013
3179 0.00013
3180 0.00013
3181 0.00013
3182 0.00013
3183 0.00013
3184 0.00013
3185 0.00013
3186 0.00013
3187 0.00013
3188 0.00013
3189 0.00013
3190 0.00013
3191 0.00013
3192 0.00013
3193 0.00013
3194 0.00013
3195 0.00013
3196 0.00013
3197 0.00013
3198 0.00013
3199 0.00013
3200 0.00013
3201 0.00013
3202 0.00013
3203 0.00013
3204 0.00013
3205 0.00013
3206 0.00013
3207 0.00013
3208 0.00013
3209 0.00013
3210 0.00013
3211 0.00013
3212 0.00013
3213 0.00013
3214 0.00013
3215 0.00013
3216 0.00013
3217 0.00013
3218 0.00013
3219 0.00013
3220 0.00013
3221 0.00013
3222 0.000128
3223 0.000128
3224 0.000128
3225 0.000128
3226 0.000128
3227 0.000128
3228 0.000128
3229 0.000128
3230 0.000128
3231 0.000128
3232 0.000128
3233 0.000128
3234 0.000128
3235 0.000128
3236 0.000128
3237 0.000128
3238 0.000128
3239 0.000128
3240 0.000128
3241 0.000128
3242 0.000128
3243 0.000128
3244 0.000128
3245 0.000128
3246 0.000128
3247 0.000128
3248 0.000128
3249 0.000128
3250 0.000128
3251 0.000128
3252 0.000128
3253 0.000128
3254 0.000128
3255 0.000128
3256 0.000128
3257 0.000128
3258 0.000128
3259 0.000128
3260 0.000128
3261 0.000128
3262 0.000128
3263 0.000128
3264 0.000128
3265 0.000128
3266 0.000128
3267 0.000128
3268 0.000128
3269 0.000128
3270 0.000128
3271 0.000128
3272 0.000128
3273 0.000128
3274 0.000128
3275 0.000128
3276 0.000128
3277 0.000128
3278 0.000128
3279 0.000128
3280 0.000128
3281 0.000128
3282 0.000128
3283 0.000128
3284 0.000128
3285 0.000128
3286 0.000128
3287 0.000128
3288 0.000128
3289 0.000128
3290 0.000128
3291 0.000128
3292 0.000128
3293 0.000128
3294 0.000128
3295 0.000128
3296 0.000128
3297 0.000128
3298 0.000128
3299 0.000126
3300 0.000126
3301 0.000126
3302 0.000126
3303 0.000126
3304 0.000126
3305 0.000126
3306 0.000126
3307 0.000126
3308 0.000126
3309 0.000126
3310 0.000126
3311 0.000126
3312 0.000126
3313 0.000126
3314 0.000126
3315 0.000126
3316 0.000126
3317 0.000126
3318 0.000126
3319 0.000126
3320 0.000126
3321 0.000126
3322 0.000126
3323 0.000126
3324 0.000126
3325 0.000126
3326 0.000126
3327 0.000126
3328 0.000126
3329 0.000126
3330 0.000126
3331 0.000126
3332 0.000126
3333 0.000126
3334 0.000126
3335 0.000126
3336 0.000126
3337 0.000126
3338 0.000126
3339 0.000126
3340 0.000126
3341 0.000126
3342 0.000126
3343 0.000126
3344 0.000126
3345 0.000126
3346 0.000126
3347 0.000126
3348 0.000126
3349 0.000126
3350 0.000126
3351 0.000126
3352 0.000126
3353 0.000126
3354 0.000126
3355 0.000126
3356 0.000126
3357 0.000126
3358 0.000126
3359 0.000126
3360 0.000126
3361 0.000126
3362 0.000126
3363 0.000126
3364 0.000126
3365 0.000126
3366 0.000124
3367 0.000124
3368 0.000124
3369 0.000124
3370 0.000124
3371 0.000124
3372 0.000124
3373 0.000124
3374 0.000124
3375 0.000124
3376 0.000124
3377 0.000124
3378 0.000124
3379 0.000124
3380 0.000124
3381 0.000124
3382 0.000124
3383 0.000124
3384 0.000124
3385 0.000124
3386 0.000124
3387 0.000124
3388 0.000124
3389 0.000124
3390 0.000124
3391 0.000124
3392 0.000124
3393 0.000124
3394 0.000124
3395 0.000124
3396 0.000124
3397 0.000124
3398 0.000124
3399 0.000124
3400 0.000124
3401 0.000124
3402 0.000124
3403 0.000124
3404 0.000124
3405 0.000124
3406 0.000124
3407 0.000124
3408 0.000124
3409 0.000124
3410 0.000124
3411 0.000124
3412 0.000124
3413 0.000124
3414 0.000124
3415 0.000124
3416 0.000124
3417 0.000124
3418 0.000124
3419 0.000124
3420 0.000124
3421 0.000122
3422 0.000122
3423 0.000122
3424 0.000122
3425 0.000122
3426 0.000122
3427 0.000122
3428 0.000122
3429 0.000122
3430 0.000122
3431 0.000122
3432 0.000122
3433 0.000122
3434 0.000122
3435 0.000122
3436 0.000122
3437 0.000122
3438 0.000122
3439 0.000122
3440 0.000122
3441 0.000122
3442 0.000122
3443 0.000122
3444 0.000122
3445 0.000122
3446 0.000122
3447 0.000122
3448 0.000122
3449 0.000122
3450 0.000122
3451 0.000122
3452 0.000122
3453 0.000122
3454 0.000122
3455 0.000122
3456 0.000122
3457 0.000122
3458 0.000122
3459 0.000122
3460 0.000122
3461 0.000122
3462 0.000122
3463 0.000122
3464 0.000122
3465 0.000122
3466 0.000122
3467 0.000122
3468 0.000122
3469 0.000122
3470 0.000122
3471 0.000122
3472 0.000122
3473 0.000122
3474 0.000122
3475 0.000122
3476 0.000122
3477 0.000122
3478 0.00012
3479 0.00012
3480 0.00012
3481 0.00012
3482 0.00012
3483 0.00012
3484 0.00012
3485 0.00012
3486 0.00012
3487 0.00012
3488 0.00012
3489 0.00012
3490 0.00012
3491 0.00012
3492 0.00012
3493 0.00012
3494 0.00012
3495 0.00012
3496 0.00012
3497 0.00012
3498 0.00012
3499 0.00012
3500 0.00012
3501 0.00012
3502 0.00012
3503 0.00012
3504 0.00012
3505 0.00012
3506 0.00012
3507 0.00012
3508 0.00012
3509 0.00012
3510 0.00012
3511 0.00012
3512 0.00012
3513 0.00012
3514 0.00012
3515 0.00012
3516 0.00012
3517 0.00012
3518 0.00012
3519 0.00012
3520 0.00012
3521 0.00012
3522 0.00012
3523 0.00012
3524 0.00012
3525 0.00012
3526 0.00012
3527 0.00012
3528 0.00012
3529 0.00012
3530 0.00012
3531 0.00012
3532 0.00012
3533 0.00012
3534 0.00012
3535 0.00012
3536 0.00012
3537 0.00012
3538 0.00012
3539 0.00012
3540 0.00012
3541 0.000118
3542 0.000118
3543 0.000118
3544 0.000118
3545 0.000118
3546 0.000118
3547 0.000118
3548 0.000118
3549 0.000118
3550 0.000118
3551 0.000118
3552 0.000118
3553 0.000118
3554 0.000118
3555 0.000118
3556 0.000118
3557 0.000118
3558 0.000118
3559 0.000118
3560 0.000118
3561 0.000118
3562 0.000118
3563 0.000118
3564 0.000118
3565 0.000118
3566 0.000118
3567 0.000118
3568 0.000118
3569 0.000118
3570 0.000118
3571 0.000118
3572 0.000118
3573 0.000118
3574 0.000118
3575 0.000118
3576 0.000118
3577 0.000118
3578 0.000118
3579 0.000118
3580 0.000118
3581 0.000118
3582 0.000118
3583 0.000118
3584 0.000118
3585 0.000118
3586 0.000118
3587 0.000118
3588 0.000118
3589 0.000118
3590 0.000118
3591 0.000118
3592 0.000118
3593 0.000118
3594 0.000118
3595 0.000118
3596 0.000118
3597 0.000118
3598 0.000118
3599 0.000118
3600 0.000118
3601 0.000118
3602 0.000118
3603 0.000116
3604 0.000116
3605 0.000116
3606 0.000116
3607 0.000116
3608 0.000116
3609 0.000116
3610 0.000116
3611 0.000116
3612 0.000116
3613 0.000116
3614 0.000116
3615 0.000116
3616 0.000116
3617 0.000116
3618 0.000116
3619 0.000116
3620 0.000116
3621 0.000116
3622 0.000116
3623 0.000116
3624 0.000116
3625 0.000116
3626 0.000116
3627 0.000116
3628 0.000116
3629 0.000116
3630 0.000116
3631 0.000116
3632 0.000116
3633 0.000116
3634 0.000116
3635 0.000116
3636 0.000116
3637 0.000116
3638 0.000116
3639 0.000116
3640 0.000116
3641 0.000116
3642 0.000116
3643 0.000116
3644 0.000116
3645 0.000116
3646 0.000116
3647 0.000116
3648 0.000116
3649 0.000116
3650 0.000116
3651 0.000116
3652 0.000116
3653 0.000116
3654 0.000116
3655 0.000116
3656 0.000116
3657 0.000116
3658 0.000116
3659 0.000116
3660 0.000116
3661 0.000116
3662 0.000116
3663 0.000116
3664 0.000116
3665 0.000116
3666 0.000116
3667 0.000116
3668 0.000116
3669 0.000116
3670 0.000116
3671 0.000116
3672 0.000116
3673 0.000116
3674 0.000116
3675 0.000114
3676 0.000114
3677 0.000114
3678 0.000114
3679 0.000114
3680 0.000114
3681 0.000114
3682 0.000114
3683 0.000114
3684 0.000114
3685 0.000114
3686 0.000114
3687 0.000114
3688 0.000114
3689 0.000114
3690 0.000114
3691 0.000114
3692 0.000114
3693 0.000114
3694 0.000114
3695 0.000114
3696 0.000114
3697 0.000114
3698 0.000114
3699 0.000114
3700 0.000114
3701 0.000114
3702 0.000114
3703 0.000114
3704 0.000114
3705 0.000114
3706 0.000114
3707 0.000114
3708 0.000114
3709 0.000114
3710 0.000114
3711 0.000114
3712 0.000114
3713 0.000114
3714 0.000114
3715 0.000114
3716 0.000114
3717 0.000114
3718 0.000114
3719 0.000114
3720 0.000114
3721 0.000114
3722 0.000114
3723 0.000114
3724 0.000114
3725 0.000114
3726 0.000114
3727 0.000114
3728 0.000114
3729 0.000114
3730 0.000114
3731 0.000114
3732 0.000114
3733 0.000114
3734 0.000114
3735 0.000114
3736 0.000114
3737 0.000114
3738 0.000114
3739 0.000114
3740 0.000112
3741 0.000112
3742 0.000112
3743 0.000112
3744 0.000112
3745 0.000112
3746 0.000112
3747 0.000112
3748 0.000112
3749 0.000112
3750 0.000112
3751 0.000112
3752 0.000112
3753 0.000112
3754 0.000112
3755 0.000112
3756 0.000112
3757 0.000112
3758 0.000112
3759 0.000112
3760 0.000112
3761 0.000112
3762 0.000112
3763 0.000112
3764 0.000112
3765 0.000112
3766 0.000112
3767 0.000112
3768 0.000112
3769 0.000112
3770 0.000112
3771 0.000112
3772 0.000112
3773 0.000112
3774 0.000112
3775 0.000112
3776 0.000112
3777 0.000112
3778 0.000112
3779 0.000112
3780 0.000112
3781 0.000112
3782 0.000112
3783 0.000112
3784 0.000112
3785 0.000112
3786 0.000112
3787 0.000112
3788 0.000112
3789 0.000112
3790 0.000112
3791 0.000112
3792 0.000112
3793 0.00011
3794 0.00011
3795 0.00011
3796 0.00011
3797 0.00011
3798 0.00011
3799 0.00011
3800 0.00011
3801 0.00011
3802 0.00011
3803 0.00011
3804 0.00011
3805 0.00011
3806 0.00011
3807 0.00011
3808 0.00011
3809 0.00011
3810 0.00011
3811 0.00011
3812 0.00011
3813 0.00011
3814 0.00011
3815 0.00011
3816 0.00011
3817 0.00011
3818 0.00011
3819 0.00011
3820 0.00011
3821 0.00011
3822 0.00011
3823 0.00011
3824 0.00011
3825 0.00011
3826 0.00011
3827 0.00011
3828 0.00011
3829 0.00011
3830 0.00011
3831 0.00011
3832 0.00011
3833 0.00011
3834 0.00011
3835 0.00011
3836 0.00011
3837 0.00011
3838 0.00011
3839 0.00011
3840 0.00011
3841 0.00011
3842 0.00011
3843 0.00011
3844 0.00011
3845 0.00011
3846 0.00011
3847 0.00011
3848 0.00011
3849 0.00011
3850 0.00011
3851 0.00011
3852 0.00011
3853 0.00011
3854 0.00011
3855 0.00011
3856 0.00011
3857 0.00011
3858 0.00011
3859 0.00011
3860 0.00011
3861 0.00011
3862 0.00011
3863 0.00011
3864 0.00011
3865 0.00011
3866 0.00011
3867 0.00011
3868 0.00011
3869 0.00011
3870 0.00011
3871 0.000108
3872 0.000108
3873 0.000108
3874 0.000108
3875 0.000108
3876 0.000108
3877 0.000108
3878 0.000108
3879 0.000108
3880 0.000108
3881 0.000108
3882 0.000108
3883 0.000108
3884 0.000108
3885 0.000108
3886 0.000108
3887 0.000108
3888 0.000108
3889 0.000108
3890 0.000108
3891 0.000108
3892 0.000108
3893 0.000108
3894 0.000108
3895 0.000108
3896 0.000108
3897 0.000108
3898 0.000108
3899 0.000108
3900 0.000108
3901 0.000108
3902 0.000108
3903 0.000108
3904 0.000108
3905 0.000108
3906 0.000108
3907 0.000108
3908 0.000108
3909 0.000108
3910 0.000108
3911 0.000108
3912 0.000108
3913 0.000108
3914 0.000108
3915 0.000108
3916 0.000108
3917 0.000108
3918 0.000108
3919 0.000106
3920 0.000106
3921 0.000106
3922 0.000106
3923 0.000106
3924 0.000106
3925 0.000106
3926 0.000106
3927 0.000106
3928 0.000106
3929 0.000106
3930 0.000106
3931 0.000106
3932 0.000106
3933 0.000106
3934 0.000106
3935 0.000106
3936 0.000106
3937 0.000106
3938 0.000106
3939 0.000106
3940 0.000106
3941 0.000106
3942 0.000106
3943 0.000106
3944 0.000106
3945 0.000106
3946 0.000106
3947 0.000106
3948 0.000106
3949 0.000106
3950 0.000106
3951 0.000106
3952 0.000106
3953 0.000106
3954 0.000106
3955 0.000106
3956 0.000106
3957 0.000106
3958 0.000106
3959 0.000106
3960 0.000106
3961 0.000106
3962 0.000106
3963 0.000106
3964 0.000106
3965 0.000104
3966 0.000104
3967 0.000104
3968 0.000104
3969 0.000104
3970 0.000104
3971 0.000104
3972 0.000104
3973 0.000104
3974 0.000104
3975 0.000104
3976 0.000104
3977 0.000104
3978 0.000104
3979 0.000104
3980 0.000104
3981 0.000104
3982 0.000104
3983 0.000104
3984 0.000104
3985 0.000104
3986 0.000104
3987 0.000104
3988 0.000104
3989 0.000104
3990 0.000104
3991 0.000104
3992 0.000104
3993 0.000104
3994 0.000104
3995 0.000104
3996 0.000104
3997 0.000104
3998 0.000104
3999 0.000104
4000 0.000104
4001 0.000104
4002 0.000104
4003 0.000104
4004 0.000104
4005 0.000104
4006 0.000104
4007 0.000104
4008 0.000104
4009 0.000104
4010 0.000104
4011 0.000104
4012 0.000104
4013 0.000104
4014 0.000104
4015 0.000104
4016 0.000104
4017 0.000104
4018 0.000104
4019 0.000104
4020 0.000104
4021 0.000104
4022 0.000104
4023 0.000104
4024 0.000104
4025 0.000104
4026 0.000104
4027 0.000104
4028 0.000104
4029 0.000104
4030 0.000104
4031 0.000104
4032 0.000104
4033 0.000104
4034 0.000104
4035 0.000104
4036 0.000104
4037 0.000104
4038 0.000104
4039 0.000104
4040 0.000104
4041 0.000104
4042 0.000104
4043 0.000104
4044 0.000104
4045 0.000102
4046 0.000102
4047 0.000102
4048 0.000102
4049 0.000102
4050 0.000102
4051 0.000102
4052 0.000102
4053 0.000102
4054 0.000102
4055 0.000102
4056 0.000102
4057 0.000102
4058 0.000102
4059 0.000102
4060 0.000102
4061 0.000102
4062 0.000102
4063 0.000102
4064 0.000102
4065 0.000102
4066 0.000102
4067 0.000102
4068 0.000102
4069 0.000102
4070 0.000102
4071 0.000102
4072 0.000102
4073 0.000102
4074 0.000102
4075 0.000102
4076 0.000102
4077 0.000102
4078 0.000102
4079 0.000102
4080 0.000102
4081 0.000102
4082 0.000102
4083 0.000102
4084 0.000102
4085 0.000102
4086 0.000102
4087 0.000102
4088 0.000102
4089 0.000102
4090 0.000102
4091 0.000102
4092 0.000102
4093 0.000102
4094 0.000102
4095 0.000102
4096 0.000102
4097 0.000102
4098 0.000102
4099 0.000102
4100 0.000102
4101 0.000102
4102 0.000102
4103 0.000102
4104 0.000102
4105 0.0001
4106 0.0001
4107 0.0001
4108 0.0001
4109 0.0001
4110 0.0001
4111 0.0001
4112 0.0001
4113 0.0001
4114 0.0001
4115 0.0001
4116 0.0001
4117 0.0001
4118 0.0001
4119 0.0001
4120 0.0001
4121 0.0001
4122 0.0001
4123 0.0001
4124 0.0001
4125 0.0001
4126 0.0001
4127 0.0001
4128 0.0001
4129 0.0001
4130 0.0001
4131 0.0001
4132 0.0001
4133 0.0001
4134 0.0001
4135 0.0001
4136 0.0001
4137 0.0001
4138 0.0001
4139 0.0001
4140 0.0001
4141 0.0001
4142 0.0001
4143 0.0001
4144 0.0001
4145 0.0001
4146 0.0001
4147 0.0001
4148 0.0001
4149 0.0001
4150 0.0001
4151 0.0001
4152 0.0001
4153 0.0001
4154 0.0001
4155 0.0001
4156 0.0001
4157 0.0001
4158 0.0001
4159 0.0001
4160 0.000098
4161 0.000098
4162 0.000098
4163 0.000098
4164 0.000098
4165 0.000098
4166 0.000098
4167 0.000098
4168 0.000098
4169 0.000098
4170 0.000098
4171 0.000098
4172 0.000098
4173 0.000098
4174 0.000098
4175 0.000098
4176 0.000098
4177 0.000098
4178 0.000098
4179 0.000098
4180 0.000098
4181 0.000098
4182 0.000098
4183 0.000098
4184 0.000098
4185 0.000098
4186 0.000098
4187 0.000098
4188 0.000098
4189 0.000098
4190 0.000098
4191 0.000098
4192 0.000098
4193 0.000098
4194 0.000098
4195 0.000098
4196 0.000098
4197 0.000098
4198 0.000098
4199 0.000098
4200 0.000098
4201 0.000098
4202 0.000098
4203 0.000098
4204 0.000098
4205 0.000098
4206 0.000098
4207 0.000098
4208 0.000098
4209 0.000098
4210 0.000098
4211 0.000098
4212 0.000098
4213 0.000098
4214 0.000098
4215 0.000098
4216 0.000098
4217 0.000098
4218 0.000098
4219 0.000098
4220 0.000098
4221 0.000098
4222 0.000098
4223 0.000098
4224 0.000098
4225 0.000098
4226 0.000098
4227 0.000098
4228 0.000098
4229 0.000098
4230 0.000098
4231 0.000098
4232 0.000098
4233 0.000096
4234 0.000096
4235 0.000096
4236 0.000096
4237 0.000096
4238 0.000096
4239 0.000096
4240 0.000096
4241 0.000096
4242 0.000096
4243 0.000096
4244 0.000096
4245 0.000096
4246 0.000096
4247 0.000096
4248 0.000096
4249 0.000096
4250 0.000096
4251 0.000096
4252 0.000096
4253 0.000096
4254 0.000096
4255 0.000096
4256 0.000096
4257 0.000096
4258 0.000096
4259 0.000096
4260 0.000096
4261 0.000096
4262 0.000096
4263 0.000096
4264 0.000096
4265 0.000096
4266 0.000096
4267 0.000096
4268 0.000096
4269 0.000096
4270 0.000096
4271 0.000096
4272 0.000096
4273 0.000096
4274 0.000096
4275 0.000096
4276 0.000096
4277 0.000096
4278 0.000096
4279 0.000096
4280 0.000096
4281 0.000096
4282 0.000096
4283 0.000096
4284 0.000096
4285 0.000096
4286 0.000096
4287 0.000096
4288 0.000096
4289 0.000096
4290 0.000096
4291 0.000096
4292 0.000094
4293 0.000094
4294 0.000094
4295 0.000094
4296 0.000094
4297 0.000094
4298 0.000094
4299 0.000094
4300 0.000094
4301 0.000094
4302 0.000094
4303 0.000094
4304 0.000094
4305 0.000094
4306 0.000094
4307 0.000094
4308 0.000094
4309 0.000094
4310 0.000094
4311 0.000094
4312 0.000094
4313 0.000094
4314 0.000094
4315 0.000094
4316 0.000094
4317 0.000094
4318 0.000094
4319 0.000094
4320 0.000094
4321 0.000094
4322 0.000094
4323 0.000094
4324 0.000094
4325 0.000094
4326 0.000094
4327 0.000094
4328 0.000094
4329 0.000094
4330 0.000094
4331 0.000094
4332 0.000094
4333 0.000094
4334 0.000094
4335 0.000094
4336 0.000094
4337 0.000094
4338 0.000094
4339 0.000094
4340 0.000094
4341 0.000094
4342 0.000094
4343 0.000094
4344 0.000094
4345 0.000094
4346 0.000094
4347 0.000094
4348 0.000094
4349 0.000094
4350 0.000094
4351 0.000094
4352 0.000094
4353 0.000094
4354 0.000094
4355 0.000094
4356 0.000094
4357 0.000092
4358 0.000092
4359 0.000092
4360 0.000092
4361 0.000092
4362 0.000092
4363 0.000092
4364 0.000092
4365 0.000092
4366 0.000092
4367 0.000092
4368 0.000092
4369 0.000092
4370 0.000092
4371 0.000092
4372 0.000092
4373 0.000092
4374 0.000092
4375 0.000092
4376 0.000092
4377 0.000092
4378 0.000092
4379 0.000092
4380 0.000092
4381 0.000092
4382 0.000092
4383 0.000092
4384 0.000092
4385 0.000092
4386 0.000092
4387 0.000092
4388 0.000092
4389 0.000092
4390 0.000092
4391 0.000092
4392 0.000092
4393 0.000092
4394 0.000092
4395 0.000092
4396 0.000092
4397 0.000092
4398 0.000092
4399 0.000092
4400 0.000092
4401 0.000092
4402 0.000092
4403 0.000092
4404 0.000092
4405 0.000092
4406 0.000092
4407 0.000092
4408 0.000092
4409 0.000092
4410 0.000092
4411 0.00009
4412 0.00009
4413 0.00009
4414 0.00009
4415 0.00009
4416 0.00009
4417 0.00009
4418 0.00009
4419 0.00009
4420 0.00009
4421 0.00009
4422 0.00009
4423 0.00009
4424 0.00009
4425 0.00009
4426 0.00009
4427 0.00009
4428 0.00009
4429 0.00009
4430 0.00009
4431 0.00009
4432 0.00009
4433 0.00009
4434 0.00009
4435 0.00009
4436 0.00009
4437 0.00009
4438 0.00009
4439 0.00009
4440 0.00009
4441 0.00009
4442 0.00009
4443 0.00009
4444 0.00009
4445 0.00009
4446 0.00009
4447 0.00009
4448 0.00009
4449 0.00009
4450 0.00009
4451 0.00009
4452 0.00009
4453 0.00009
4454 0.00009
4455 0.00009
4456 0.00009
4457 0.00009
4458 0.00009
4459 0.00009
4460 0.00009
4461 0.00009
4462 0.00009
4463 0.00009
4464 0.00009
4465 0.00009
4466 0.00009
4467 0.00009
4468 0.00009
4469 0.00009
4470 0.00009
4471 0.00009
4472 0.00009
4473 0.00009
4474 0.000088
4475 0.000088
4476 0.000088
4477 0.000088
4478 0.000088
4479 0.000088
4480 0.000088
4481 0.000088
4482 0.000088
4483 0.000088
4484 0.000088
4485 0.000088
4486 0.000088
4487 0.000088
4488 0.000088
4489 0.000088
4490 0.000088
4491 0.000088
4492 0.000088
4493 0.000088
4494 0.000088
4495 0.000088
4496 0.000088
4497 0.000088
4498 0.000088
4499 0.000088
4500 0.000088
4501 0.000088
4502 0.000088
4503 0.000088
4504 0.000088
4505 0.000088
4506 0.000088
4507 0.000088
4508 0.000088
4509 0.000088
4510 0.000088
4511 0.000088
4512 0.000088
4513 0.000088
4514 0.000088
4515 0.000088
4516 0.000088
4517 0.000088
4518 0.000088
4519 0.000088
4520 0.000088
4521 0.000088
4522 0.000088
4523 0.000086
4524 0.000086
4525 0.000086
4526 0.000086
4527 0.000086
4528 0.000086
4529 0.000086
4530 0.000086
4531 0.000086
4532 0.000086
4533 0.000086
4534 0.000086
4535 0.000086
4536 0.000086
4537 0.000086
4538 0.000086
4539 0.000086
4540 0.000086
4541 0.000086
4542 0.000086
4543 0.000086
4544 0.000086
4545 0.000086
4546 0.000086
4547 0.000086
4548 0.000086
4549 0.000086
4550 0.000086
4551 0.000086
4552 0.000086
4553 0.000086
4554 0.000086
4555 0.000086
4556 0.000086
4557 0.000086
4558 0.000086
4559 0.000086
4560 0.000086
4561 0.000086
4562 0.000086
4563 0.000086
4564 0.000086
4565 0.000086
4566 0.000086
4567 0.000086
4568 0.000086
4569 0.000086
4570 0.000086
4571 0.000086
4572 0.000086
4573 0.000086
4574 0.000086
4575 0.000086
4576 0.000086
4577 0.000086
4578 0.000086
4579 0.000086
4580 0.000086
4581 0.000084
4582 0.000084
4583 0.000084
4584 0.000084
4585 0.000084
4586 0.000084
4587 0.000084
4588 0.000084
4589 0.000084
4590 0.000084
4591 0.000084
4592 0.000084
4593 0.000084
4594 0.000084
4595 0.000084
4596 0.000084
4597 0.000084
4598 0.000084
4599 0.000084
4600 0.000084
4601 0.000084
4602 0.000084
4603 0.000084
4604 0.000084
4605 0.000084
4606 0.000084
4607 0.000084
4608 0.000084
4609 0.000084
4610 0.000084
4611 0.000084
4612 0.000084
4613 0.000084
4614 0.000084
4615 0.000084
4616 0.000084
4617 0.000084
4618 0.000084
4619 0.000084
4620 0.000084
4621 0.000084
4622 0.000084
4623 0.000084
4624 0.000084
4625 0.000084
4626 0.000084
4627 0.000084
4628 0.000084
4629 0.000084
4630 0.000084
4631 0.000084
4632 0.000084
4633 0.000084
4634 0.000084
4635 0.000084
4636 0.000084
4637 0.000084
4638 0.000084
4639 0.000082
4640 0.000082
4641 0.000082
4642 0.000082
4643 0.000082
4644 0.000082
4645 0.000082
4646 0.000082
4647 0.000082
4648 0.000082
4649 0.000082
4650 0.000082
4651 0.000082
4652 0.000082
4653 0.000082
4654 0.000082
4655 0.000082
4656 0.000082
4657 0.000082
4658 0.000082
4659 0.000082
4660 0.000082
4661 0.000082
4662 0.000082
4663 0.000082
4664 0.000082
4665 0.000082
4666 0.000082
4667 0.000082
4668 0.000082
4669 0.000082
4670 0.000082
4671 0.000082
4672 0.000082
4673 0.000082
4674 0.000082
4675 0.000082
4676 0.000082
4677 0.000082
4678 0.000082
4679 0.000082
4680 0.000082
4681 0.000082
4682 0.000082
4683 0.000082
4684 0.000082
4685 0.000082
4686 0.000082
4687 0.000082
4688 0.000082
4689 0.000082
4690 0.000082
4691 0.000082
4692 0.000082
4693 0.000082
4694 0.000082
4695 0.000082
4696 0.000082
4697 0.000082
4698 0.000082
4699 0.000082
4700 0.000082
4701 0.000082
4702 0.000082
4703 0.000082
4704 0.000082
4705 0.000082
4706 0.000082
4707 0.000082
4708 0.000082
4709 0.000082
4710 0.00008
4711 0.00008
4712 0.00008
4713 0.00008
4714 0.00008
4715 0.00008
4716 0.00008
4717 0.00008
4718 0.00008
4719 0.00008
4720 0.00008
4721 0.00008
4722 0.00008
4723 0.00008
4724 0.00008
4725 0.00008
4726 0.00008
4727 0.00008
4728 0.00008
4729 0.00008
4730 0.00008
4731 0.00008
4732 0.00008
4733 0.00008
4734 0.00008
4735 0.00008
4736 0.00008
4737 0.00008
4738 0.00008
4739 0.00008
4740 0.00008
4741 0.00008
4742 0.00008
4743 0.00008
4744 0.00008
4745 0.00008
4746 0.00008
4747 0.00008
4748 0.00008
4749 0.00008
4750 0.00008
4751 0.00008
4752 0.00008
4753 0.00008
4754 0.00008
4755 0.00008
4756 0.00008
4757 0.00008
4758 0.00008
4759 0.00008
4760 0.00008
4761 0.00008
4762 0.00008
4763 0.00008
4764 0.00008
4765 0.00008
4766 0.00008
4767 0.00008
4768 0.000078
4769 0.000078
4770 0.000078
4771 0.000078
4772 0.000078
4773 0.000078
4774 0.000078
4775 0.000078
4776 0.000078
4777 0.000078
4778 0.000078
4779 0.000078
4780 0.000078
4781 0.000078
4782 0.000078
4783 0.000078
4784 0.000078
4785 0.000078
4786 0.000078
4787 0.000078
4788 0.000078
4789 0.000078
4790 0.000078
4791 0.000078
4792 0.000078
4793 0.000078
4794 0.000078
4795 0.000078
4796 0.000078
4797 0.000078
4798 0.000078
4799 0.000078
4800 0.000078
4801 0.000078
4802 0.000078
4803 0.000078
4804 0.000078
4805 0.000078
4806 0.000078
4807 0.000078
4808 0.000078
4809 0.000078
4810 0.000078
4811 0.000078
4812 0.000078
4813 0.000078
4814 0.000078
4815 0.000078
4816 0.000078
4817 0.000078
4818 0.000078
4819 0.000078
4820 0.000078
4821 0.000076
4822 0.000076
4823 0.000076
4824 0.000076
4825 0.000076
4826 0.000076
4827 0.000076
4828 0.000076
4829 0.000076
4830 0.000076
4831 0.000076
4832 0.000076
4833 0.000076
4834 0.000076
4835 0.000076
4836 0.000076
4837 0.000076
4838 0.000076
4839 0.000076
4840 0.000076
4841 0.000076
4842 0.000076
4843 0.000076
4844 0.000076
4845 0.000076
4846 0.000076
4847 0.000076
4848 0.000076
4849 0.000076
4850 0.000076
4851 0.000076
4852 0.000076
4853 0.000076
4854 0.000076
4855 0.000076
4856 0.000076
4857 0.000076
4858 0.000076
4859 0.000076
4860 0.000076
4861 0.000076
4862 0.000076
4863 0.000076
4864 0.000076
4865 0.000074
4866 0.000074
4867 0.000074
4868 0.000074
4869 0.000074
4870 0.000074
4871 0.000074
4872 0.000074
4873 0.000074
4874 0.000074
4875 0.000074
4876 0.000074
4877 0.000074
4878 0.000074
4879 0.000074
4880 0.000074
4881 0.000074
4882 0.000074
4883 0.000074
4884 0.000074
4885 0.000074
4886 0.000074
4887 0.000074
4888 0.000074
4889 0.000074
4890 0.000074
4891 0.000074
4892 0.000074
4893 0.000074
4894 0.000074
4895 0.000074
4896 0.000074
4897 0.000074
4898 0.000074
4899 0.000074
4900 0.000074
4901 0.000074
4902 0.000074
4903 0.000074
4904 0.000074
4905 0.000074
4906 0.000074
4907 0.000074
4908 0.000074
4909 0.000074
4910 0.000074
4911 0.000074
4912 0.000074
4913 0.000074
4914 0.000074
4915 0.000074
4916 0.000074
4917 0.000074
4918 0.000074
4919 0.000074
4920 0.000074
4921 0.000074
4922 0.000074
4923 0.000074
4924 0.000074
4925 0.000072
4926 0.000072
4927 0.000072
4928 0.000072
4929 0.000072
4930 0.000072
4931 0.000072
4932 0.000072
4933 0.000072
4934 0.000072
4935 0.000072
4936 0.000072
4937 0.000072
4938 0.000072
4939 0.000072
4940 0.000072
4941 0.000072
4942 0.000072
4943 0.000072
4944 0.000072
4945 0.000072
4946 0.000072
4947 0.000072
4948 0.000072
4949 0.000072
4950 0.000072
4951 0.000072
4952 0.000072
4953 0.000072
4954 0.000072
4955 0.000072
4956 0.000072
4957 0.000072
4958 0.000072
4959 0.000072
4960 0.000072
4961 0.000072
4962 0.000072
4963 0.000072
4964 0.000072
4965 0.000072
4966 0.000072
4967 0.000072
4968 0.000072
4969 0.000072
4970 0.000072
4971 0.000072
4972 0.00007
4973 0.00007
4974 0.00007
4975 0.00007
4976 0.00007
4977 0.00007
4978 0.00007
4979 0.00007
4980 0.00007
4981 0.00007
4982 0.00007
4983 0.00007
4984 0.00007
4985 0.00007
4986 0.00007
4987 0.00007
4988 0.00007
4989 0.00007
4990 0.00007
4991 0.00007
4992 0.00007
4993 0.00007
4994 0.00007
4995 0.00007
4996 0.00007
4997 0.00007
4998 0.00007
4999 0.00007
5000 0.00007
5001 0.00007
5002 0.00007
5003 0.00007
5004 0.00007
5005 0.00007
5006 0.00007
5007 0.00007
5008 0.00007
5009 0.00007
5010 0.00007
5011 0.00007
5012 0.00007
5013 0.00007
5014 0.00007
5015 0.00007
5016 0.00007
5017 0.00007
5018 0.00007
5019 0.00007
5020 0.00007
5021 0.00007
5022 0.00007
5023 0.00007
5024 0.00007
5025 0.00007
5026 0.00007
5027 0.00007
5028 0.000068
5029 0.000068
5030 0.000068
5031 0.000068
5032 0.000068
5033 0.000068
5034 0.000068
5035 0.000068
5036 0.000068
5037 0.000068
5038 0.000068
5039 0.000068
5040 0.000068
5041 0.000068
5042 0.000068
5043 0.000068
5044 0.000068
5045 0.000068
5046 0.000068
5047 0.000068
5048 0.000068
5049 0.000068
5050 0.000068
5051 0.000068
5052 0.000068
5053 0.000068
5054 0.000068
5055 0.000068
5056 0.000068
5057 0.000068
5058 0.000068
5059 0.000068
5060 0.000068
5061 0.000068
5062 0.000068
5063 0.000068
5064 0.000068
5065 0.000068
5066 0.000068
5067 0.000068
5068 0.000068
5069 0.000068
5070 0.000068
5071 0.000068
5072 0.000068
5073 0.000068
5074 0.000068
5075 0.000068
5076 0.000068
5077 0.000068
5078 0.000068
5079 0.000068
5080 0.000066
5081 0.000066
5082 0.000066
5083 0.000066
5084 0.000066
5085 0.000066
5086 0.000066
5087 0.000066
5088 0.000066
5089 0.000066
5090 0.000066
5091 0.000066
5092 0.000066
5093 0.000066
5094 0.000066
5095 0.000066
5096 0.000066
5097 0.000066
5098 0.000066
5099 0.000066
5100 0.000066
5101 0.000066
5102 0.000066
5103 0.000066
5104 0.000066
5105 0.000066
5106 0.000066
5107 0.000066
5108 0.000066
5109 0.000066
5110 0.000066
5111 0.000066
5112 0.000066
5113 0.000066
5114 0.000066
5115 0.000066
5116 0.000066
5117 0.000066
5118 0.000066
5119 0.000066
5120 0.000066
5121 0.000066
5122 0.000066
5123 0.000066
5124 0.000066
5125 0.000066
5126 0.000066
5127 0.000066
5128 0.000066
5129 0.000066
5130 0.000066
5131 0.000066
5132 0.000066
5133 0.000066
5134 0.000066
5135 0.000066
5136 0.000066
5137 0.000066
5138 0.000066
5139 0.000064
5140 0.000064
5141 0.000064
5142 0.000064
5143 0.000064
5144 0.000064
5145 0.000064
5146 0.000064
5147 0.000064
5148 0.000064
5149 0.000064
5150 0.000064
5151 0.000064
5152 0.000064
5153 0.000064
5154 0.000064
5155 0.000064
5156 0.000064
5157 0.000064
5158 0.000064
5159 0.000064
5160 0.000064
5161 0.000064
5162 0.000064
5163 0.000064
5164 0.000064
5165 0.000064
5166 0.000064
5167 0.000064
5168 0.000064
5169 0.000064
5170 0.000064
5171 0.000064
5172 0.000064
5173 0.000064
5174 0.000064
5175 0.000064
5176 0.000064
5177 0.000064
5178 0.000064
5179 0.000064
5180 0.000064
5181 0.000062
5182 0.000062
5183 0.000062
5184 0.000062
5185 0.000062
5186 0.000062
5187 0.000062
5188 0.000062
5189 0.000062
5190 0.000062
5191 0.000062
5192 0.000062
5193 0.000062
5194 0.000062
5195 0.000062
5196 0.000062
5197 0.000062
5198 0.000062
5199 0.000062
5200 0.000062
5201 0.000062
5202 0.000062
5203 0.000062
5204 0.000062
5205 0.000062
5206 0.000062
5207 0.000062
5208 0.000062
5209 0.000062
5210 0.000062
5211 0.000062
5212 0.000062
5213 0.000062
5214 0.000062
5215 0.000062
5216 0.000062
5217 0.000062
5218 0.00006
5219 0.00006
5220 0.00006
5221 0.00006
5222 0.00006
5223 0.00006
5224 0.00006
5225 0.00006
5226 0.00006
5227 0.00006
5228 0.00006
5229 0.00006
5230 0.00006
5231 0.00006
5232 0.00006
5233 0.00006
5234 0.00006
5235 0.00006
5236 0.00006
5237 0.00006
5238 0.00006
5239 0.00006
5240 0.00006
5241 0.00006
5242 0.00006
5243 0.00006
5244 0.00006
5245 0.00006
5246 0.00006
5247 0.00006
5248 0.00006
5249 0.00006
5250 0.00006
5251 0.00006
5252 0.00006
5253 0.00006
5254 0.00006
5255 0.00006
5256 0.00006
5257 0.00006
5258 0.00006
5259 0.00006
5260 0.000058
5261 0.000058
5262 0.000058
5263 0.000058
5264 0.000058
5265 0.000058
5266 0.000058
5267 0.000058
5268 0.000058
5269 0.000058
5270 0.000058
5271 0.000058
5272 0.000058
5273 0.000058
5274 0.000058
5275 0.000058
5276 0.000058
5277 0.000058
5278 0.000058
5279 0.000058
5280 0.000058
5281 0.000058
5282 0.000058
5283 0.000058
5284 0.000058
5285 0.000058
5286 0.000058
5287 0.000058
5288 0.000058
5289 0.000058
5290 0.000058
5291 0.000058
5292 0.000058
5293 0.000058
5294 0.000058
5295 0.000058
5296 0.000056
5297 0.000056
5298 0.000056
5299 0.000056
5300 0.000056
5301 0.000056
5302 0.000056
5303 0.000056
5304 0.000056
5305 0.000056
5306 0.000056
5307 0.000056
5308 0.000056
5309 0.000056
5310 0.000056
5311 0.000056
5312 0.000056
5313 0.000056
5314 0.000056
5315 0.000056
5316 0.000056
5317 0.000056
5318 0.000056
5319 0.000056
5320 0.000056
5321 0.000056
5322 0.000056
5323 0.000056
5324 0.000056
5325 0.000056
5326 0.000056
5327 0.000056
5328 0.000056
5329 0.000056
5330 0.000056
5331 0.000056
5332 0.000056
5333 0.000056
5334 0.000056
5335 0.000056
5336 0.000056
5337 0.000056
5338 0.000056
5339 0.000056
5340 0.000054
5341 0.000054
5342 0.000054
5343 0.000054
5344 0.000054
5345 0.000054
5346 0.000054
5347 0.000054
5348 0.000054
5349 0.000054
5350 0.000054
5351 0.000054
5352 0.000054
5353 0.000054
5354 0.000054
5355 0.000054
5356 0.000054
5357 0.000052
5358 0.000052
5359 0.000052
5360 0.000052
5361 0.000052
5362 0.000052
5363 0.000052
5364 0.000052
5365 0.000052
5366 0.000052
5367 0.000052
5368 0.000052
5369 0.000052
5370 0.000052
5371 0.000052
5372 0.000052
5373 0.000052
5374 0.000052
5375 0.000052
5376 0.000052
5377 0.000052
5378 0.000052
5379 0.000052
5380 0.000052
5381 0.000052
5382 0.000052
5383 0.000052
5384 0.000052
5385 0.000052
5386 0.000052
5387 0.000052
5388 0.000052
5389 0.000052
5390 0.000052
5391 0.000052
5392 0.00005
5393 0.00005
5394 0.00005
5395 0.00005
5396 0.00005
5397 0.00005
5398 0.00005
5399 0.00005
5400 0.00005
5401 0.00005
5402 0.00005
5403 0.00005
5404 0.00005
5405 0.00005
5406 0.00005
5407 0.00005
5408 0.00005
5409 0.00005
5410 0.00005
5411 0.00005
5412 0.00005
5413 0.00005
5414 0.00005
5415 0.00005
5416 0.00005
5417 0.00005
5418 0.00005
5419 0.00005
5420 0.00005
5421 0.00005
5422 0.00005
5423 0.000048
5424 0.000048
5425 0.000048
5426 0.000048
5427 0.000048
5428 0.000048
5429 0.000048
5430 0.000048
5431 0.000048
5432 0.000048
5433 0.000048
5434 0.000048
5435 0.000048
5436 0.000048
5437 0.000048
5438 0.000048
5439 0.000048
5440 0.000048
5441 0.000048
5442 0.000048
5443 0.000046
5444 0.000046
5445 0.000046
5446 0.000046
5447 0.000046
5448 0.000046
5449 0.000046
5450 0.000046
5451 0.000046
5452 0.000046
5453 0.000046
5454 0.000046
5455 0.000046
5456 0.000046
5457 0.000046
5458 0.000046
5459 0.000046
5460 0.000046
5461 0.000046
5462 0.000046
5463 0.000044
5464 0.000044
5465 0.000044
5466 0.000044
5467 0.000044
5468 0.000044
5469 0.000044
5470 0.000044
5471 0.000044
5472 0.000044
5473 0.000044
5474 0.000044
5475 0.000044
5476 0.000044
5477 0.000044
5478 0.000044
5479 0.000044
5480 0.000042
5481 0.000042
5482 0.000042
5483 0.000042
5484 0.000042
5485 0.000042
5486 0.000042
5487 0.000042
5488 0.000042
5489 0.000042
5490 0.000042
5491 0.000042
5492 0.000042
5493 0.000042
5494 0.000042
5495 0.00004
5496 0.00004
5497 0.00004
5498 0.00004
5499 0.00004
5500 0.00004
5501 0.00004
5502 0.00004
5503 0.00004
5504 0.00004
5505 0.00004
5506 0.00004
5507 0.00004
5508 0.00004
5509 0.000038
5510 0.000038
5511 0.000038
5512 0.000038
5513 0.000038
5514 0.000038
5515 0.000038
5516 0.000038
5517 0.000036
5518 0.000036
5519 0.000036
5520 0.000036
5521 0.000036
5522 0.000036
5523 0.000036
5524 0.000034
5525 0.000034
5526 0.000034
5527 0.000034
5528 0.000034
5529 0.000034
5530 0.000032
5531 0.000032
5532 0.000032
5533 0.000032
5534 0.000032
5535 0.000032
5536 0.000032
5537 0.00003
5538 0.00003
5539 0.00003
5540 0.00003
5541 0.00003
5542 0.00003
5543 0.00003
5544 0.00003
5545 0.00003
5546 0.00003
5547 0.00003
5548 0.000028
5549 0.000028
5550 0.000028
5551 0.000026
5552 0.000026
5553 0.000026
5554 0.000026
5555 0.000024
5556 0.00002
5557 0.00002
