# chi2r=27.784, S=3.02, w.sum()=0.992, G=15.51, seed=reference, theta=0.4, nSteps=50000, slsqp
3.398984e-01
2.332340e-04
1.274478e-02
1.943094e-05
6.550654e-02
9.423830e-07
1.428252e-07
3.407697e-06
1.189446e-05
2.011727e-05
1.265986e-07
2.096738e-08
4.235834e-12
2.804432e-10
6.034097e-06
2.689401e-09
3.938334e-10
5.507504e-10
2.048697e-10
1.426869e-10
1.271205e-14
6.383185e-10
3.912463e-10
2.835459e-10
1.900711e-09
9.554884e-10
9.799376e-10
1.956551e-08
3.403196e-09
6.263495e-10
5.747444e-10
9.237966e-10
2.983495e-10
1.716440e-09
2.909177e-07
1.262730e-08
1.799806e-07
8.024019e-04
1.516506e-08
2.314972e-08
3.531882e-09
1.373670e-10
1.988892e-09
9.172746e-11
7.152682e-10
3.382546e-10
2.396002e-10
2.048287e-10
3.457601e-11
1.411427e-12
1.206488e-10
9.399509e-11
1.320410e-11
2.554806e-10
3.469336e-12
3.923682e-10
2.071002e-10
7.415774e-10
7.899580e-10
9.933123e-09
3.748555e-10
4.643086e-11
5.551115e-17
2.570339e-09
9.760664e-06
1.243348e-10
1.099145e-10
3.665668e-11
3.639079e-09
1.581487e-06
2.382179e-10
2.832786e-10
7.052642e-11
8.900646e-10
8.054758e-07
4.770324e-03
1.092226e-01
5.945752e-05
2.520936e-06
2.912708e-06
4.315502e-08
7.442135e-04
1.239869e-05
8.826278e-02
5.689409e-05
1.902788e-07
9.956423e-04
6.370332e-09
9.724488e-09
5.270670e-04
6.164187e-06
1.445339e-03
9.303151e-07
3.058934e-07
1.186377e-05
5.715680e-06
2.060773e-07
8.732192e-09
5.036385e-09
6.682726e-09
5.989587e-02
1.755882e-06
9.775010e-08
2.806822e-05
1.919745e-04
9.225922e-06
3.074819e-05
3.130687e-06
1.508908e-07
1.216090e-07
3.033536e-07
3.448066e-07
7.867669e-05
1.453425e-07
3.331435e-08
3.272046e-08
2.493745e-07
1.316874e-07
3.017908e-03
2.122654e-08
3.421511e-09
1.585540e-08
2.209822e-08
8.656569e-09
4.962488e-09
1.658485e-07
3.053889e-09
3.814060e-06
4.485924e-07
7.614814e-09
5.283773e-08
1.825389e-08
1.442569e-07
2.883369e-05
7.107819e-07
8.817897e-04
7.197184e-04
2.032578e-06
4.110125e-07
1.385295e-07
6.066462e-09
6.120021e-09
3.697966e-08
5.359387e-08
6.428112e-07
1.677969e-08
1.416732e-08
2.409034e-08
2.073908e-05
7.141468e-05
4.739355e-05
3.034529e-07
3.924904e-08
3.902497e-07
2.339385e-07
9.728089e-07
1.044248e-05
9.911289e-08
8.666538e-07
3.001483e-07
1.031495e-07
2.893526e-05
3.338643e-08
2.087252e-05
1.327552e-06
3.157353e-05
1.231934e-03
1.184036e-06
2.384884e-03
1.706636e-06
2.821144e-06
7.384239e-02
1.254095e-03
8.190868e-02
8.025240e-05
2.556956e-08
3.131683e-07
7.366845e-05
1.853691e-07
1.692669e-07
8.219194e-06
1.427291e-05
9.749040e-07
1.769653e-06
8.292706e-06
4.513111e-06
5.313720e-05
5.614682e-07
6.305645e-06
4.341986e-06
3.657786e-05
7.073329e-04
4.741001e-08
1.684955e-03
6.888321e-08
8.795293e-08
3.674969e-06
1.355630e-07
4.074603e-05
3.203095e-09
1.442215e-06
1.850843e-07
1.550092e-08
3.704362e-06
5.759505e-07
2.750238e-04
2.075372e-05
2.091944e-08
1.018195e-07
6.333123e-06
1.841175e-03
1.006940e-03
2.943971e-04
2.477254e-05
4.499357e-06
3.260148e-06
1.432249e-05
2.008286e-06
1.106458e-06
5.018583e-07
5.346346e-04
9.941543e-08
5.148592e-09
1.667464e-08
6.779125e-07
4.925048e-08
3.541146e-06
1.135513e-07
1.265527e-05
1.114623e-08
1.985465e-07
3.359413e-09
1.274675e-08
2.747242e-08
1.359717e-08
1.387393e-08
1.267003e-07
1.525550e-05
2.674232e-08
7.423103e-06
6.875572e-08
2.058477e-09
3.315106e-09
8.239832e-08
1.564208e-09
5.519911e-09
2.520597e-08
8.696448e-09
2.582004e-09
2.221797e-08
1.012238e-07
1.726861e-07
7.360688e-09
9.566820e-09
1.671320e-08
6.259262e-08
1.210210e-08
7.968640e-07
2.512606e-08
1.901789e-07
9.803474e-08
7.697200e-08
1.100278e-07
1.421903e-08
1.669500e-08
2.009980e-08
3.337418e-08
6.711646e-08
1.514779e-07
1.520082e-06
3.172890e-07
1.359222e-08
2.338955e-08
1.019302e-07
2.997331e-07
7.564529e-08
4.795452e-08
4.351272e-06
1.470660e-07
2.104466e-08
1.784662e-10
9.894963e-09
9.593373e-09
4.211514e-07
3.921326e-08
6.291579e-08
7.280184e-09
1.838495e-08
5.613909e-08
9.848198e-09
9.361187e-08
1.357534e-08
2.231209e-07
5.475319e-08
3.410159e-05
2.824551e-07
1.381186e-07
2.045589e-08
1.485694e-07
8.344596e-09
5.333144e-09
5.302078e-09
1.495469e-09
5.746004e-11
3.284019e-09
1.598477e-11
1.013940e-08
5.979351e-09
1.364716e-07
1.798654e-09
1.130273e-09
6.101518e-08
6.723516e-09
3.233031e-08
7.289642e-08
1.848990e-09
1.318429e-08
3.437603e-08
3.227264e-08
2.802096e-07
3.989579e-08
3.610408e-09
2.542314e-08
1.118160e-03
6.188640e-08
7.723432e-09
1.456278e-08
8.436029e-09
4.271360e-08
1.857363e-08
1.597753e-08
3.428960e-07
2.038156e-07
6.706579e-06
1.392870e-06
1.849960e-07
3.319508e-08
1.323866e-08
1.005293e-08
9.723876e-09
3.073046e-06
2.943487e-07
7.269310e-08
3.757453e-08
1.147293e-07
9.844172e-06
7.286043e-08
4.008404e-09
5.549351e-08
2.196406e-08
5.419294e-09
1.845281e-08
2.397099e-08
1.797892e-08
7.425782e-07
7.403263e-07
2.119465e-08
9.078780e-07
2.206703e-08
1.529657e-08
2.202403e-08
1.991823e-08
2.396522e-08
5.815253e-09
2.375739e-08
1.325236e-07
9.431798e-08
1.914387e-08
4.900257e-08
1.610151e-07
3.647065e-08
1.365673e-07
2.051995e-08
3.415038e-09
3.224458e-09
2.718038e-06
1.071806e-06
1.788451e-06
1.650238e-06
2.750854e-04
4.567771e-05
2.282502e-05
1.029360e-04
1.656705e-04
9.329067e-05
1.030850e-06
3.906136e-06
1.752840e-05
3.690257e-04
4.504705e-05
8.639285e-05
6.476292e-06
3.123126e-04
2.284893e-06
1.171279e-06
5.619509e-08
1.791100e-07
1.315231e-06
1.030998e-07
2.044401e-07
7.087037e-08
1.095228e-06
1.423915e-08
3.301120e-06
7.280978e-08
4.714677e-06
6.426632e-05
9.524673e-05
8.453674e-08
3.374363e-07
1.363247e-05
1.901073e-05
1.822937e-05
1.933546e-06
4.769359e-06
6.868007e-06
1.661845e-06
5.681106e-06
1.074147e-07
2.126345e-07
1.807803e-07
9.182739e-06
8.971569e-05
8.037845e-04
9.664959e-06
3.814107e-06
6.799822e-06
6.691076e-04
7.089984e-07
7.675259e-06
4.728216e-07
1.902801e-07
1.216552e-07
1.181970e-05
2.047144e-07
2.641012e-07
1.733255e-06
9.171906e-06
8.536544e-06
1.090267e-06
8.716260e-08
2.047268e-05
4.285221e-02
8.904586e-07
6.241094e-04
9.847957e-03
6.568600e-03
4.295520e-03
2.140812e-06
6.359411e-05
1.939898e-03
6.719009e-03
1.881472e-04
2.429892e-04
7.087812e-06
9.024117e-04
2.607548e-06
2.895413e-06
1.972425e-05
3.641510e-05
4.173966e-05
1.388693e-02
3.993030e-05
1.194456e-03
3.309575e-06
9.556497e-08
2.973053e-06
1.033105e-07
9.203754e-08
8.520096e-07
3.592205e-06
4.647860e-06
9.551124e-07
2.190953e-07
1.399702e-05
7.826839e-08
1.671751e-05
1.199893e-05
2.897113e-06
1.209161e-04
5.588191e-06
4.928315e-07
4.413272e-05
1.677608e-06
2.887763e-06
1.373622e-06
5.880652e-07
4.579940e-07
4.174264e-06
1.862217e-07
4.411169e-07
1.002339e-05
2.563853e-04
2.769437e-05
1.159313e-04
3.404522e-04
3.366896e-03
4.669364e-04
9.141974e-06
3.152572e-07
3.293483e-04
1.366199e-05
5.944783e-07
9.503651e-05
7.112757e-07
9.725242e-07
2.359488e-06
1.738996e-04
3.924846e-06
3.253413e-05
8.871999e-04
1.062707e-03
2.418035e-05
6.449152e-04
8.762368e-05
4.922175e-04
7.294063e-06
4.985395e-05
3.213600e-06
1.268705e-06
5.995402e-06
1.524704e-06
2.564396e-06
1.584807e-06
3.341621e-06
4.669540e-05
7.140469e-07
1.218749e-07
1.615379e-07
3.018357e-06
1.692144e-05
2.135652e-05
5.931869e-07
3.129518e-04
1.350291e-03
8.045643e-05
1.267567e-04
5.649633e-06
5.652081e-08
6.593257e-05
2.695117e-02
2.812348e-04
8.407881e-06
1.756387e-03
1.661026e-05
