0 0.002094329
1 0.001898414
2 0.001743642
4 0.001598665
5 0.001436055
6 0.001275405
7 0.001208794
8 0.001183325
9 0.001179407
10 0.001155897
11 0.001077531
12 0.001071654
13 0.001063817
14 0.001061858
15 0.001055981
16 0.001046185
17 0.000999165
18 0.000997206
19 0.000979574
20 0.000969778
21 0.000967819
22 0.000956064
23 0.000934514
24 0.000932554
25 0.000932554
26 0.000912963
27 0.000901208
28 0.000893371
29 0.000865943
30 0.000865943
31 0.000856148
32 0.000852229
34 0.000830679
35 0.000807169
36 0.00080521
37 0.00080521
38 0.00080521
39 0.000797373
41 0.000789537
42 0.000783659
43 0.0007817
44 0.000750354
45 0.000748395
46 0.000740558
47 0.000715089
48 0.000703334
49 0.000697457
50 0.000691579
51 0.00068962
52 0.00068962
53 0.000687661
54 0.000683743
55 0.000671988
56 0.00066611
57 0.000664151
58 0.000662192
59 0.000660233
60 0.000658274
61 0.000654355
62 0.000654355
63 0.000646519
64 0.000646519
65 0.00064456
66 0.00064456
67 0.000642601
68 0.000638682
69 0.000630846
70 0.000624968
71 0.00062105
72 0.00062105
73 0.00062105
74 0.000619091
75 0.000617132
76 0.000615172
77 0.000615172
78 0.000611254
79 0.000609295
80 0.000609295
81 0.000609295
82 0.000605377
83 0.000601458
84 0.000599499
85 0.00059754
86 0.000593622
87 0.000591663
88 0.000589704
89 0.000587744
90 0.000587744
91 0.000587744
92 0.000583826
93 0.000583826
94 0.000583826
96 0.000579908
97 0.000577949
98 0.000572071
100 0.000570112
101 0.000570112
102 0.000564235
103 0.000558357
104 0.000556398
105 0.000556398
106 0.000554439
107 0.00055248
108 0.000544643
109 0.000544643
110 0.000544643
111 0.000544643
113 0.000538766
114 0.000536807
115 0.000536807
116 0.00052897
117 0.00052897
118 0.00052897
119 0.000527011
120 0.000527011
121 0.000523093
122 0.000521133
123 0.000519174
124 0.000517215
125 0.000515256
126 0.000513297
127 0.000513297
128 0.000513297
129 0.000511338
130 0.000511338
131 0.000511338
132 0.000509378
133 0.000509378
134 0.000509378
135 0.000507419
136 0.000507419
137 0.00050546
138 0.00050546
139 0.000503501
140 0.000501542
141 0.000499583
142 0.000499583
143 0.000497624
144 0.000497624
145 0.000497624
146 0.000495664
147 0.000491746
148 0.000491746
149 0.000491746
150 0.000491746
151 0.000489787
152 0.000487828
153 0.00048391
154 0.00048391
155 0.00048391
156 0.00048391
157 0.00048391
158 0.00048195
159 0.00048195
160 0.000479991
161 0.000479991
162 0.000479991
163 0.000478032
164 0.000476073
165 0.000476073
166 0.000476073
168 0.000472155
169 0.000472155
170 0.000470196
171 0.000470196
172 0.000470196
173 0.000468236
174 0.000466277
175 0.000466277
176 0.000466277
177 0.000464318
178 0.000464318
179 0.000464318
180 0.000462359
181 0.000462359
182 0.0004604
183 0.0004604
184 0.000458441
185 0.000458441
186 0.000456481
188 0.000456481
189 0.000456481
190 0.000456481
191 0.000456481
192 0.000454522
193 0.000452563
194 0.000452563
195 0.000452563
196 0.000452563
197 0.000450604
198 0.000450604
199 0.000450604
200 0.000448645
201 0.000448645
202 0.000448645
203 0.000446686
204 0.000446686
205 0.000446686
206 0.000444727
207 0.000442767
208 0.000442767
209 0.000442767
210 0.000442767
211 0.000440808
212 0.000440808
213 0.000440808
214 0.000438849
215 0.000438849
216 0.000438849
217 0.00043689
218 0.00043689
219 0.00043689
221 0.000434931
222 0.000434931
223 0.000432972
224 0.000431013
225 0.000431013
226 0.000431013
227 0.000431013
228 0.000431013
229 0.000429053
230 0.000429053
231 0.000429053
232 0.000429053
233 0.000429053
234 0.000429053
235 0.000429053
236 0.000427094
237 0.000427094
239 0.000425135
240 0.000425135
241 0.000423176
242 0.000423176
243 0.000423176
244 0.000421217
245 0.000421217
246 0.000421217
247 0.000421217
248 0.000421217
249 0.000419258
250 0.000419258
251 0.000419258
252 0.000419258
253 0.000419258
254 0.000417299
255 0.000415339
256 0.000415339
257 0.000415339
258 0.00041338
259 0.00041338
260 0.00041338
261 0.000411421
262 0.000411421
263 0.000411421
264 0.000411421
265 0.000411421
266 0.000411421
267 0.000409462
268 0.000407503
269 0.000405544
270 0.000405544
271 0.000405544
272 0.000405544
273 0.000405544
274 0.000405544
275 0.000403584
276 0.000403584
277 0.000403584
278 0.000401625
279 0.000401625
280 0.000401625
281 0.000401625
282 0.000401625
283 0.000399666
284 0.000399666
285 0.000399666
286 0.000397707
287 0.000395748
288 0.000395748
289 0.000395748
290 0.000395748
291 0.000393789
292 0.000393789
293 0.000393789
294 0.000393789
295 0.00039183
296 0.00039183
297 0.00039183
298 0.00039183
299 0.00039183
300 0.00039183
301 0.00038987
302 0.000387911
304 0.000387911
305 0.000385952
306 0.000383993
307 0.000383993
308 0.000382034
309 0.000382034
310 0.000382034
311 0.000382034
312 0.000382034
313 0.000382034
314 0.000382034
315 0.000382034
316 0.000382034
317 0.000380075
318 0.000380075
319 0.000380075
320 0.000380075
321 0.000378116
322 0.000378116
323 0.000378116
324 0.000378116
325 0.000378116
326 0.000378116
327 0.000376156
328 0.000376156
329 0.000376156
330 0.000376156
331 0.000376156
332 0.000376156
333 0.000376156
334 0.000376156
335 0.000374197
336 0.000374197
337 0.000374197
338 0.000374197
339 0.000374197
340 0.000374197
341 0.000374197
342 0.000374197
343 0.000372238
344 0.000372238
345 0.000372238
346 0.000370279
347 0.000370279
348 0.000370279
349 0.000370279
350 0.000370279
352 0.00036832
353 0.00036832
354 0.00036832
355 0.00036832
356 0.00036832
357 0.000366361
358 0.000366361
359 0.000366361
360 0.000366361
361 0.000366361
362 0.000364402
363 0.000364402
364 0.000364402
365 0.000364402
366 0.000362442
367 0.000362442
368 0.000362442
369 0.000360483
372 0.000360483
373 0.000360483
374 0.000360483
375 0.000360483
376 0.000358524
377 0.000358524
378 0.000358524
379 0.000358524
380 0.000358524
381 0.000358524
382 0.000358524
383 0.000358524
384 0.000358524
385 0.000356565
386 0.000356565
387 0.000356565
388 0.000356565
389 0.000356565
390 0.000356565
391 0.000356565
392 0.000356565
393 0.000356565
394 0.000356565
395 0.000354606
396 0.000354606
397 0.000354606
398 0.000354606
400 0.000352647
401 0.000352647
402 0.000350687
403 0.000350687
404 0.000350687
405 0.000350687
406 0.000350687
407 0.000350687
408 0.000348728
409 0.000348728
410 0.000348728
411 0.000348728
412 0.000348728
413 0.000348728
414 0.000348728
415 0.000346769
416 0.000346769
417 0.000346769
418 0.000346769
419 0.000346769
420 0.000346769
421 0.000346769
422 0.000346769
423 0.000346769
424 0.00034481
425 0.00034481
426 0.00034481
427 0.00034481
428 0.00034481
429 0.00034481
430 0.00034481
431 0.00034481
432 0.00034481
433 0.000342851
434 0.000342851
435 0.000342851
436 0.000342851
437 0.000342851
438 0.000342851
439 0.000342851
440 0.000342851
441 0.000342851
442 0.000340892
443 0.000340892
444 0.000340892
445 0.000338933
446 0.000338933
447 0.000338933
448 0.000338933
449 0.000338933
450 0.000338933
451 0.000338933
452 0.000338933
453 0.000338933
454 0.000338933
455 0.000336973
456 0.000336973
457 0.000336973
458 0.000336973
459 0.000336973
460 0.000336973
461 0.000335014
462 0.000335014
464 0.000335014
465 0.000335014
466 0.000335014
467 0.000335014
468 0.000335014
469 0.000335014
470 0.000335014
471 0.000335014
472 0.000333055
473 0.000333055
474 0.000333055
475 0.000333055
476 0.000333055
478 0.000333055
479 0.000333055
480 0.000333055
481 0.000333055
482 0.000333055
483 0.000333055
484 0.000333055
485 0.000333055
486 0.000333055
487 0.000333055
488 0.000331096
489 0.000331096
490 0.000331096
491 0.000331096
492 0.000329137
493 0.000329137
494 0.000329137
495 0.000329137
496 0.000329137
497 0.000329137
498 0.000327178
499 0.000327178
500 0.000327178
501 0.000325219
502 0.000325219
503 0.000325219
504 0.000325219
505 0.000323259
506 0.000323259
507 0.000323259
508 0.000323259
509 0.000323259
510 0.000323259
511 0.000323259
512 0.000323259
513 0.000323259
514 0.000323259
515 0.000323259
516 0.0003213
517 0.0003213
518 0.0003213
519 0.0003213
520 0.0003213
521 0.0003213
522 0.0003213
523 0.0003213
524 0.0003213
525 0.0003213
526 0.0003213
527 0.000319341
528 0.000319341
529 0.000319341
530 0.000319341
531 0.000319341
532 0.000319341
533 0.000319341
534 0.000317382
535 0.000317382
536 0.000317382
537 0.000317382
538 0.000317382
539 0.000317382
540 0.000317382
541 0.000317382
542 0.000315423
543 0.000315423
544 0.000315423
545 0.000315423
546 0.000313464
548 0.000313464
549 0.000313464
550 0.000313464
551 0.000313464
552 0.000313464
553 0.000313464
555 0.000313464
556 0.000311505
557 0.000311505
558 0.000311505
559 0.000311505
560 0.000311505
561 0.000311505
562 0.000311505
563 0.000309545
564 0.000309545
566 0.000309545
567 0.000309545
568 0.000309545
569 0.000309545
570 0.000307586
572 0.000307586
573 0.000307586
574 0.000307586
575 0.000307586
576 0.000307586
577 0.000307586
578 0.000307586
579 0.000305627
580 0.000305627
581 0.000305627
582 0.000305627
583 0.000305627
584 0.000305627
585 0.000305627
586 0.000305627
587 0.000305627
588 0.000305627
589 0.000303668
590 0.000303668
591 0.000303668
592 0.000303668
593 0.000303668
594 0.000303668
595 0.000303668
596 0.000303668
597 0.000303668
598 0.000303668
599 0.000303668
600 0.000303668
601 0.000303668
602 0.000301709
603 0.000301709
604 0.000301709
605 0.000301709
606 0.000301709
607 0.000301709
608 0.000301709
609 0.000301709
610 0.000301709
611 0.000301709
612 0.000301709
613 0.000301709
614 0.000301709
615 0.000301709
616 0.00029975
617 0.00029975
618 0.00029975
619 0.00029975
620 0.00029975
622 0.00029975
623 0.00029975
624 0.00029975
625 0.00029975
626 0.00029975
627 0.00029975
628 0.00029975
629 0.00029975
630 0.00029975
631 0.00029975
632 0.00029975
633 0.00029779
634 0.00029779
635 0.00029779
636 0.00029779
637 0.00029779
638 0.00029779
639 0.00029779
641 0.00029779
642 0.000295831
643 0.000295831
644 0.000295831
645 0.000295831
646 0.000295831
647 0.000295831
648 0.000295831
649 0.000295831
650 0.000295831
651 0.000295831
652 0.000295831
653 0.000295831
654 0.000295831
655 0.000293872
656 0.000293872
657 0.000293872
658 0.000293872
659 0.000293872
660 0.000293872
661 0.000293872
662 0.000293872
663 0.000293872
664 0.000293872
665 0.000293872
666 0.000293872
667 0.000293872
668 0.000293872
669 0.000291913
670 0.000291913
671 0.000291913
672 0.000291913
673 0.000291913
674 0.000291913
675 0.000291913
676 0.000291913
677 0.000291913
678 0.000291913
679 0.000291913
680 0.000291913
681 0.000291913
682 0.000291913
683 0.000291913
684 0.000289954
685 0.000289954
686 0.000289954
687 0.000289954
688 0.000289954
689 0.000289954
690 0.000289954
691 0.000289954
692 0.000289954
693 0.000289954
694 0.000289954
695 0.000289954
696 0.000289954
697 0.000287995
698 0.000287995
699 0.000287995
700 0.000287995
701 0.000287995
702 0.000287995
703 0.000287995
704 0.000287995
705 0.000287995
706 0.000287995
707 0.000286036
708 0.000286036
709 0.000286036
710 0.000286036
711 0.000286036
712 0.000286036
713 0.000286036
714 0.000286036
715 0.000286036
716 0.000286036
717 0.000286036
718 0.000286036
719 0.000286036
720 0.000286036
721 0.000286036
722 0.000284076
724 0.000284076
726 0.000284076
727 0.000284076
728 0.000284076
729 0.000284076
730 0.000284076
731 0.000284076
732 0.000284076
733 0.000284076
734 0.000284076
735 0.000282117
736 0.000282117
737 0.000282117
738 0.000282117
739 0.000282117
740 0.000282117
741 0.000282117
742 0.000282117
743 0.000282117
744 0.000282117
745 0.000282117
746 0.000282117
747 0.000280158
748 0.000280158
749 0.000280158
750 0.000280158
751 0.000280158
752 0.000280158
753 0.000280158
754 0.000280158
755 0.000280158
756 0.000280158
757 0.000280158
758 0.000280158
759 0.000280158
760 0.000280158
761 0.000280158
762 0.000280158
763 0.000280158
764 0.000280158
765 0.000280158
766 0.000280158
767 0.000278199
768 0.000278199
770 0.000278199
771 0.000278199
772 0.000278199
773 0.000278199
774 0.000278199
775 0.000278199
776 0.000278199
777 0.000278199
778 0.000278199
779 0.000278199
780 0.000278199
781 0.00027624
782 0.00027624
783 0.00027624
784 0.00027624
785 0.00027624
786 0.00027624
787 0.00027624
788 0.00027624
789 0.00027624
790 0.00027624
791 0.00027624
792 0.00027624
793 0.00027624
794 0.00027624
795 0.000274281
796 0.000274281
797 0.000274281
798 0.000274281
799 0.000274281
800 0.000274281
801 0.000274281
802 0.000274281
803 0.000274281
804 0.000274281
805 0.000274281
806 0.000274281
807 0.000274281
808 0.000272322
809 0.000272322
810 0.000272322
811 0.000272322
812 0.000272322
813 0.000272322
814 0.000272322
815 0.000272322
816 0.000272322
817 0.000272322
818 0.000272322
819 0.000272322
820 0.000272322
821 0.000270362
822 0.000270362
823 0.000270362
824 0.000270362
825 0.000270362
826 0.000270362
827 0.000270362
828 0.000270362
829 0.000270362
830 0.000270362
831 0.000270362
832 0.000268403
833 0.000268403
835 0.000268403
836 0.000268403
837 0.000268403
838 0.000268403
839 0.000268403
840 0.000268403
841 0.000268403
842 0.000268403
843 0.000268403
844 0.000268403
845 0.000268403
846 0.000268403
847 0.000266444
848 0.000266444
849 0.000266444
850 0.000266444
851 0.000266444
852 0.000266444
853 0.000266444
854 0.000266444
855 0.000266444
856 0.000264485
857 0.000264485
858 0.000264485
859 0.000264485
860 0.000264485
861 0.000264485
862 0.000264485
863 0.000264485
864 0.000264485
865 0.000264485
866 0.000264485
867 0.000264485
868 0.000264485
869 0.000264485
870 0.000264485
871 0.000264485
872 0.000264485
873 0.000264485
874 0.000264485
875 0.000264485
876 0.000262526
877 0.000262526
878 0.000262526
879 0.000262526
880 0.000262526
881 0.000262526
882 0.000262526
883 0.000262526
884 0.000262526
885 0.000262526
886 0.000262526
887 0.000262526
888 0.000262526
889 0.000260567
890 0.000260567
891 0.000260567
892 0.000260567
893 0.000260567
894 0.000260567
895 0.000260567
896 0.000260567
897 0.000260567
898 0.000260567
899 0.000260567
900 0.000260567
901 0.000260567
902 0.000260567
903 0.000258608
904 0.000258608
905 0.000258608
906 0.000258608
907 0.000258608
908 0.000258608
909 0.000258608
910 0.000258608
911 0.000258608
912 0.000258608
913 0.000258608
914 0.000258608
915 0.000258608
916 0.000258608
917 0.000256648
918 0.000256648
919 0.000256648
920 0.000256648
921 0.000256648
922 0.000256648
923 0.000256648
924 0.000256648
925 0.000256648
926 0.000256648
927 0.000256648
928 0.000256648
929 0.000254689
930 0.000254689
931 0.000254689
932 0.000254689
933 0.000254689
934 0.000254689
935 0.000254689
936 0.000254689
937 0.000254689
938 0.000254689
939 0.000254689
940 0.000254689
941 0.000254689
942 0.000254689
943 0.000254689
944 0.000254689
945 0.00025273
946 0.00025273
947 0.00025273
948 0.00025273
949 0.00025273
950 0.00025273
951 0.00025273
952 0.00025273
953 0.00025273
954 0.00025273
955 0.00025273
956 0.00025273
957 0.00025273
958 0.000250771
959 0.000250771
960 0.000250771
961 0.000250771
962 0.000250771
963 0.000250771
964 0.000250771
965 0.000250771
966 0.000250771
967 0.000250771
968 0.000250771
969 0.000250771
970 0.000250771
971 0.000250771
972 0.000250771
973 0.000250771
974 0.000250771
975 0.000250771
976 0.000250771
977 0.000250771
979 0.000248812
980 0.000248812
981 0.000248812
982 0.000248812
983 0.000248812
984 0.000248812
985 0.000248812
986 0.000248812
987 0.000248812
988 0.000248812
989 0.000248812
990 0.000248812
991 0.000248812
992 0.000248812
993 0.000248812
994 0.000248812
995 0.000248812
996 0.000246853
997 0.000246853
998 0.000246853
999 0.000246853
1000 0.000246853
1001 0.000246853
1002 0.000246853
1003 0.000246853
1004 0.000246853
1005 0.000246853
1006 0.000246853
1007 0.000246853
1008 0.000246853
1009 0.000246853
1010 0.000246853
1011 0.000246853
1012 0.000246853
1013 0.000246853
1014 0.000246853
1015 0.000246853
1016 0.000244894
1017 0.000244894
1018 0.000244894
1019 0.000244894
1020 0.000244894
1021 0.000244894
1022 0.000244894
1023 0.000244894
1024 0.000244894
1025 0.000244894
1026 0.000244894
1027 0.000244894
1028 0.000244894
1029 0.000244894
1030 0.000244894
1031 0.000244894
1032 0.000244894
1033 0.000244894
1034 0.000242934
1035 0.000242934
1036 0.000242934
1037 0.000242934
1038 0.000242934
1039 0.000242934
1040 0.000242934
1041 0.000242934
1042 0.000242934
1043 0.000242934
1044 0.000242934
1045 0.000242934
1046 0.000242934
1047 0.000242934
1048 0.000242934
1049 0.000242934
1050 0.000242934
1051 0.000242934
1052 0.000242934
1053 0.000240975
1054 0.000240975
1055 0.000240975
1056 0.000240975
1057 0.000240975
1058 0.000240975
1059 0.000240975
1060 0.000240975
1061 0.000240975
1062 0.000240975
1063 0.000240975
1064 0.000240975
1065 0.000240975
1066 0.000240975
1067 0.000240975
1068 0.000239016
1069 0.000239016
1070 0.000239016
1071 0.000239016
1072 0.000239016
1073 0.000239016
1074 0.000239016
1075 0.000239016
1076 0.000239016
1077 0.000239016
1078 0.000239016
1079 0.000239016
1080 0.000239016
1081 0.000239016
1082 0.000237057
1083 0.000237057
1084 0.000237057
1085 0.000237057
1086 0.000237057
1087 0.000237057
1088 0.000237057
1089 0.000237057
1090 0.000237057
1091 0.000237057
1092 0.000237057
1093 0.000237057
1094 0.000237057
1095 0.000237057
1096 0.000237057
1097 0.000237057
1098 0.000237057
1099 0.000237057
1100 0.000237057
1101 0.000235098
1102 0.000235098
1103 0.000235098
1104 0.000235098
1105 0.000235098
1106 0.000235098
1107 0.000235098
1108 0.000235098
1109 0.000235098
1110 0.000235098
1111 0.000235098
1112 0.000235098
1113 0.000235098
1114 0.000235098
1115 0.000235098
1116 0.000235098
1117 0.000235098
1118 0.000235098
1119 0.000233139
1120 0.000233139
1121 0.000233139
1122 0.000233139
1123 0.000233139
1124 0.000233139
1125 0.000233139
1126 0.000233139
1127 0.000233139
1128 0.000233139
1129 0.000233139
1130 0.000233139
1131 0.000233139
1132 0.000233139
1133 0.000233139
1134 0.000233139
1135 0.000233139
1136 0.000233139
1137 0.000233139
1138 0.000233139
1139 0.000233139
1140 0.000233139
1141 0.000233139
1142 0.000233139
1143 0.000231179
1144 0.000231179
1145 0.000231179
1146 0.000231179
1147 0.000231179
1148 0.000231179
1149 0.000231179
1150 0.000231179
1151 0.000231179
1152 0.000231179
1153 0.000231179
1154 0.000231179
1155 0.000231179
1156 0.000231179
1157 0.000231179
1158 0.000231179
1159 0.000231179
1160 0.000231179
1161 0.000231179
1162 0.000231179
1163 0.000231179
1164 0.000231179
1165 0.00022922
1166 0.00022922
1167 0.00022922
1168 0.00022922
1169 0.00022922
1170 0.00022922
1171 0.00022922
1172 0.00022922
1173 0.00022922
1174 0.00022922
1175 0.00022922
1176 0.00022922
1177 0.00022922
1178 0.00022922
1179 0.00022922
1180 0.00022922
1181 0.00022922
1182 0.00022922
1183 0.00022922
1184 0.000227261
1185 0.000227261
1186 0.000227261
1187 0.000227261
1188 0.000227261
1189 0.000227261
1190 0.000227261
1191 0.000227261
1192 0.000227261
1193 0.000227261
1194 0.000227261
1195 0.000227261
1196 0.000227261
1197 0.000227261
1198 0.000227261
1199 0.000227261
1200 0.000227261
1201 0.000225302
1202 0.000225302
1204 0.000225302
1205 0.000225302
1206 0.000225302
1207 0.000225302
1208 0.000225302
1209 0.000225302
1210 0.000225302
1211 0.000225302
1212 0.000225302
1213 0.000225302
1214 0.000225302
1215 0.000225302
1216 0.000223343
1217 0.000223343
1218 0.000223343
1219 0.000223343
1220 0.000223343
1221 0.000223343
1222 0.000223343
1223 0.000223343
1224 0.000223343
1225 0.000223343
1226 0.000223343
1227 0.000223343
1228 0.000223343
1229 0.000223343
1230 0.000223343
1231 0.000223343
1232 0.000223343
1233 0.000223343
1234 0.000223343
1235 0.000223343
1236 0.000223343
1237 0.000223343
1238 0.000223343
1239 0.000223343
1240 0.000223343
1241 0.000223343
1242 0.000223343
1243 0.000223343
1244 0.000223343
1245 0.000223343
1246 0.000223343
1247 0.000223343
1248 0.000223343
1249 0.000223343
1250 0.000223343
1251 0.000223343
1252 0.000223343
1253 0.000221384
1254 0.000221384
1255 0.000221384
1258 0.000221384
1259 0.000221384
1260 0.000221384
1261 0.000221384
1262 0.000221384
1263 0.000221384
1264 0.000221384
1265 0.000221384
1266 0.000221384
1267 0.000221384
1268 0.000221384
1269 0.000221384
1270 0.000221384
1271 0.000221384
1272 0.000221384
1273 0.000221384
1274 0.000221384
1275 0.000221384
1276 0.000221384
1277 0.000221384
1278 0.000221384
1279 0.000221384
1280 0.000221384
1281 0.000221384
1282 0.000219425
1283 0.000219425
1284 0.000219425
1285 0.000219425
1286 0.000219425
1287 0.000219425
1288 0.000219425
1289 0.000219425
1290 0.000219425
1291 0.000219425
1292 0.000219425
1293 0.000219425
1294 0.000219425
1295 0.000219425
1296 0.000217465
1297 0.000217465
1298 0.000217465
1299 0.000217465
1300 0.000217465
1301 0.000217465
1302 0.000217465
1303 0.000217465
1304 0.000217465
1305 0.000217465
1306 0.000217465
1307 0.000217465
1308 0.000217465
1309 0.000217465
1310 0.000217465
1311 0.000217465
1312 0.000217465
1313 0.000217465
1314 0.000217465
1315 0.000217465
1316 0.000217465
1317 0.000217465
1318 0.000217465
1319 0.000217465
1320 0.000217465
1321 0.000215506
1322 0.000215506
1323 0.000215506
1324 0.000215506
1325 0.000215506
1326 0.000215506
1327 0.000215506
1328 0.000215506
1329 0.000215506
1330 0.000215506
1331 0.000215506
1332 0.000215506
1333 0.000215506
1334 0.000215506
1335 0.000215506
1336 0.000215506
1337 0.000215506
1338 0.000215506
1339 0.000215506
1340 0.000213547
1341 0.000213547
1342 0.000213547
1343 0.000213547
1344 0.000213547
1345 0.000213547
1346 0.000213547
1347 0.000213547
1348 0.000213547
1349 0.000213547
1350 0.000213547
1351 0.000213547
1352 0.000213547
1353 0.000213547
1354 0.000213547
1355 0.000213547
1356 0.000213547
1357 0.000213547
1358 0.000213547
1359 0.000213547
1360 0.000213547
1361 0.000213547
1362 0.000213547
1363 0.000213547
1364 0.000213547
1365 0.000213547
1366 0.000213547
1367 0.000211588
1368 0.000211588
1369 0.000211588
1370 0.000211588
1372 0.000211588
1373 0.000211588
1374 0.000211588
1375 0.000211588
1377 0.000211588
1378 0.000211588
1379 0.000211588
1380 0.000211588
1381 0.000211588
1382 0.000211588
1383 0.000211588
1384 0.000211588
1385 0.000211588
1386 0.000211588
1387 0.000211588
1388 0.000211588
1389 0.000211588
1390 0.000211588
1391 0.000211588
1392 0.000211588
1393 0.000211588
1394 0.000211588
1395 0.000211588
1396 0.000211588
1397 0.000211588
1398 0.000209629
1399 0.000209629
1400 0.000209629
1401 0.000209629
1402 0.000209629
1403 0.000209629
1404 0.000209629
1405 0.000209629
1406 0.000209629
1407 0.000209629
1408 0.000209629
1409 0.000209629
1410 0.000209629
1411 0.000209629
1412 0.000209629
1414 0.000209629
1415 0.000209629
1416 0.000209629
1417 0.000209629
1418 0.000209629
1419 0.00020767
1420 0.00020767
1421 0.00020767
1422 0.00020767
1423 0.00020767
1424 0.00020767
1425 0.00020767
1426 0.00020767
1427 0.00020767
1428 0.00020767
1429 0.00020767
1430 0.00020767
1431 0.00020767
1432 0.00020767
1433 0.00020767
1434 0.00020767
1435 0.00020767
1436 0.00020767
1437 0.00020767
1438 0.00020767
1439 0.00020767
1440 0.00020767
1441 0.00020767
1442 0.00020767
1443 0.00020767
1444 0.00020767
1445 0.00020767
1446 0.00020767
1447 0.000205711
1448 0.000205711
1449 0.000205711
1450 0.000205711
1451 0.000205711
1453 0.000205711
1454 0.000205711
1455 0.000205711
1456 0.000205711
1457 0.000205711
1458 0.000205711
1459 0.000205711
1460 0.000205711
1461 0.000205711
1462 0.000205711
1463 0.000205711
1464 0.000205711
1465 0.000205711
1466 0.000205711
1467 0.000203751
1468 0.000203751
1469 0.000203751
1470 0.000203751
1471 0.000203751
1472 0.000203751
1473 0.000203751
1474 0.000203751
1475 0.000203751
1476 0.000203751
1477 0.000203751
1478 0.000203751
1479 0.000203751
1480 0.000203751
1481 0.000203751
1482 0.000203751
1483 0.000203751
1484 0.000203751
1485 0.000203751
1486 0.000203751
1487 0.000203751
1488 0.000203751
1489 0.000203751
1490 0.000203751
1491 0.000203751
1493 0.000203751
1494 0.000203751
1495 0.000203751
1496 0.000203751
1497 0.000203751
1498 0.000203751
1499 0.000203751
1500 0.000203751
1501 0.000203751
1502 0.000203751
1503 0.000203751
1504 0.000203751
1505 0.000203751
1506 0.000203751
1507 0.000203751
1508 0.000201792
1509 0.000201792
1510 0.000201792
1511 0.000201792
1512 0.000201792
1513 0.000201792
1514 0.000201792
1515 0.000201792
1516 0.000201792
1517 0.000201792
1518 0.000201792
1519 0.000201792
1520 0.000201792
1521 0.000201792
1522 0.000201792
1523 0.000201792
1524 0.000201792
1525 0.000201792
1526 0.000201792
1527 0.000201792
1528 0.000201792
1529 0.000201792
1530 0.000201792
1531 0.000201792
1532 0.000201792
1533 0.000201792
1534 0.000201792
1535 0.000201792
1536 0.000201792
1537 0.000201792
1538 0.000201792
1539 0.000201792
1540 0.000201792
1541 0.000201792
1542 0.000199833
1543 0.000199833
1544 0.000199833
1545 0.000199833
1546 0.000199833
1547 0.000199833
1548 0.000199833
1549 0.000199833
1550 0.000199833
1551 0.000199833
1552 0.000199833
1553 0.000199833
1554 0.000199833
1555 0.000199833
1556 0.000199833
1557 0.000199833
1558 0.000199833
1559 0.000199833
1560 0.000199833
1561 0.000199833
1562 0.000199833
1563 0.000199833
1564 0.000199833
1565 0.000199833
1566 0.000199833
1567 0.000199833
1568 0.000199833
1569 0.000197874
1570 0.000197874
1571 0.000197874
1572 0.000197874
1573 0.000197874
1574 0.000197874
1575 0.000197874
1577 0.000197874
1578 0.000197874
1579 0.000197874
1580 0.000197874
1581 0.000197874
1582 0.000197874
1583 0.000197874
1584 0.000197874
1585 0.000197874
1586 0.000197874
1587 0.000197874
1588 0.000197874
1589 0.000197874
1590 0.000197874
1591 0.000197874
1592 0.000197874
1593 0.000197874
1594 0.000197874
1595 0.000197874
1596 0.000197874
1597 0.000197874
1598 0.000197874
1599 0.000197874
1600 0.000197874
1601 0.000197874
1602 0.000197874
1603 0.000197874
1604 0.000197874
1605 0.000197874
1606 0.000197874
1607 0.000197874
1608 0.000195915
1609 0.000195915
1610 0.000195915
1611 0.000195915
1612 0.000195915
1613 0.000195915
1614 0.000195915
1615 0.000195915
1616 0.000195915
1617 0.000195915
1618 0.000195915
1619 0.000195915
1620 0.000195915
1621 0.000195915
1622 0.000195915
1623 0.000195915
1624 0.000195915
1625 0.000195915
1626 0.000195915
1627 0.000195915
1628 0.000195915
1629 0.000195915
1630 0.000195915
1631 0.000195915
1632 0.000195915
1633 0.000195915
1634 0.000195915
1635 0.000195915
1636 0.000195915
1637 0.000195915
1638 0.000195915
1639 0.000195915
1640 0.000195915
1641 0.000195915
1642 0.000193956
1643 0.000193956
1644 0.000193956
1645 0.000193956
1646 0.000193956
1647 0.000193956
1648 0.000193956
1649 0.000193956
1650 0.000193956
1651 0.000193956
1652 0.000193956
1653 0.000193956
1654 0.000193956
1655 0.000193956
1656 0.000193956
1657 0.000193956
1659 0.000193956
1660 0.000193956
1661 0.000193956
1662 0.000193956
1663 0.000193956
1664 0.000193956
1665 0.000193956
1666 0.000193956
1667 0.000193956
1668 0.000193956
1669 0.000191997
1670 0.000191997
1671 0.000191997
1672 0.000191997
1673 0.000191997
1674 0.000191997
1675 0.000191997
1676 0.000191997
1678 0.000191997
1679 0.000191997
1680 0.000191997
1681 0.000191997
1682 0.000191997
1683 0.000191997
1684 0.000191997
1685 0.000191997
1687 0.000191997
1688 0.000191997
1689 0.000191997
1690 0.000191997
1691 0.000191997
1692 0.000191997
1693 0.000191997
1694 0.000191997
1695 0.000191997
1696 0.000191997
1697 0.000191997
1698 0.000191997
1699 0.000191997
1700 0.000191997
1701 0.000191997
1702 0.000190037
1703 0.000190037
1704 0.000190037
1705 0.000190037
1706 0.000190037
1707 0.000190037
1708 0.000190037
1709 0.000190037
1710 0.000190037
1711 0.000190037
1712 0.000190037
1713 0.000190037
1714 0.000190037
1715 0.000190037
1716 0.000190037
1717 0.000190037
1718 0.000190037
1719 0.000190037
1720 0.000190037
1722 0.000190037
1723 0.000190037
1724 0.000190037
1725 0.000190037
1726 0.000190037
1727 0.000190037
1728 0.000190037
1729 0.000190037
1730 0.000190037
1731 0.000190037
1732 0.000190037
1733 0.000190037
1734 0.000190037
1735 0.000190037
1736 0.000190037
1737 0.000190037
1738 0.000190037
1739 0.000190037
1740 0.000190037
1741 0.000190037
1742 0.000188078
1743 0.000188078
1745 0.000188078
1746 0.000188078
1747 0.000188078
1748 0.000188078
1749 0.000188078
1750 0.000188078
1751 0.000188078
1752 0.000188078
1753 0.000188078
1754 0.000188078
1755 0.000188078
1756 0.000188078
1757 0.000188078
1758 0.000188078
1759 0.000188078
1760 0.000188078
1761 0.000188078
1762 0.000188078
1763 0.000188078
1764 0.000188078
1766 0.000188078
1767 0.000188078
1768 0.000188078
1769 0.000188078
1770 0.000188078
1771 0.000188078
1772 0.000188078
1773 0.000188078
1774 0.000188078
1775 0.000188078
1776 0.000188078
1777 0.000188078
1778 0.000186119
1779 0.000186119
1780 0.000186119
1781 0.000186119
1782 0.000186119
1783 0.000186119
1784 0.000186119
1785 0.000186119
1786 0.000186119
1787 0.000186119
1788 0.000186119
1789 0.000186119
1790 0.000186119
1791 0.000186119
1792 0.000186119
1793 0.000186119
1794 0.000186119
1795 0.000186119
1796 0.000186119
1797 0.000186119
1798 0.000186119
1799 0.000186119
1800 0.000186119
1801 0.000186119
1802 0.000186119
1803 0.000186119
1804 0.000186119
1805 0.000186119
1806 0.000186119
1807 0.000186119
1808 0.000186119
1809 0.000186119
1810 0.000186119
1811 0.000186119
1812 0.000186119
1813 0.000186119
1814 0.000186119
1815 0.000186119
1816 0.000186119
1817 0.000186119
1818 0.00018416
1819 0.00018416
1820 0.00018416
1821 0.00018416
1822 0.00018416
1823 0.00018416
1824 0.00018416
1825 0.00018416
1826 0.00018416
1827 0.00018416
1828 0.00018416
1829 0.00018416
1830 0.00018416
1831 0.00018416
1832 0.00018416
1833 0.00018416
1834 0.00018416
1835 0.00018416
1837 0.00018416
1838 0.00018416
1839 0.00018416
1840 0.00018416
1841 0.00018416
1842 0.00018416
1843 0.00018416
1844 0.00018416
1845 0.00018416
1846 0.00018416
1847 0.00018416
1848 0.00018416
1849 0.00018416
1850 0.00018416
1851 0.00018416
1852 0.000182201
1853 0.000182201
1854 0.000182201
1855 0.000182201
1856 0.000182201
1857 0.000182201
1858 0.000182201
1859 0.000182201
1860 0.000182201
1861 0.000182201
1862 0.000182201
1863 0.000182201
1864 0.000182201
1865 0.000182201
1866 0.000182201
1867 0.000182201
1868 0.000182201
1869 0.000182201
1870 0.000182201
1871 0.000182201
1872 0.000182201
1873 0.000182201
1874 0.000182201
1875 0.000182201
1876 0.000182201
1877 0.000182201
1878 0.000182201
1879 0.000182201
1880 0.000182201
1881 0.000182201
1882 0.000182201
1883 0.000182201
1884 0.000182201
1885 0.000182201
1886 0.000182201
1887 0.000182201
1888 0.000182201
1889 0.000182201
1890 0.000182201
1891 0.000182201
1892 0.000180242
1893 0.000180242
1894 0.000180242
1895 0.000180242
1896 0.000180242
1897 0.000180242
1898 0.000180242
1899 0.000180242
1900 0.000180242
1901 0.000180242
1902 0.000180242
1903 0.000180242
1904 0.000180242
1905 0.000180242
1906 0.000180242
1907 0.000180242
1908 0.000180242
1909 0.000180242
1910 0.000180242
1911 0.000180242
1912 0.000180242
1913 0.000180242
1914 0.000180242
1915 0.000180242
1916 0.000180242
1917 0.000180242
1918 0.000180242
1919 0.000180242
1920 0.000180242
1921 0.000180242
1922 0.000180242
1923 0.000180242
1924 0.000180242
1925 0.000180242
1926 0.000180242
1927 0.000180242
1928 0.000180242
1929 0.000180242
1930 0.000180242
1931 0.000180242
1932 0.000180242
1933 0.000180242
1934 0.000180242
1935 0.000180242
1936 0.000180242
1937 0.000180242
1938 0.000178282
1939 0.000178282
1940 0.000178282
1941 0.000178282
1942 0.000178282
1943 0.000178282
1944 0.000178282
1945 0.000178282
1946 0.000178282
1947 0.000178282
1948 0.000178282
1949 0.000178282
1950 0.000178282
1951 0.000178282
1952 0.000178282
1953 0.000178282
1954 0.000178282
1955 0.000178282
1956 0.000178282
1957 0.000178282
1958 0.000178282
1959 0.000178282
1960 0.000178282
1961 0.000178282
1962 0.000178282
1963 0.000178282
1964 0.000178282
1965 0.000178282
1966 0.000178282
1967 0.000178282
1968 0.000178282
1969 0.000178282
1970 0.000178282
1971 0.000178282
1972 0.000178282
1973 0.000178282
1974 0.000178282
1975 0.000178282
1976 0.000178282
1977 0.000178282
1978 0.000178282
1979 0.000178282
1980 0.000178282
1981 0.000178282
1982 0.000178282
1983 0.000178282
1984 0.000176323
1985 0.000176323
1986 0.000176323
1987 0.000176323
1988 0.000176323
1989 0.000176323
1990 0.000176323
1991 0.000176323
1992 0.000176323
1993 0.000176323
1994 0.000176323
1995 0.000176323
1997 0.000176323
1998 0.000176323
1999 0.000176323
2000 0.000176323
2001 0.000176323
2002 0.000176323
2003 0.000176323
2004 0.000176323
2005 0.000176323
2006 0.000176323
2007 0.000176323
2008 0.000176323
2009 0.000176323
2010 0.000176323
2011 0.000176323
2012 0.000176323
2013 0.000176323
2014 0.000176323
2015 0.000174364
2016 0.000174364
2017 0.000174364
2018 0.000174364
2019 0.000174364
2020 0.000174364
2021 0.000174364
2022 0.000174364
2023 0.000174364
2024 0.000174364
2025 0.000174364
2026 0.000174364
2027 0.000174364
2028 0.000174364
2029 0.000174364
2030 0.000174364
2031 0.000174364
2032 0.000174364
2033 0.000174364
2034 0.000174364
2035 0.000174364
2036 0.000174364
2037 0.000174364
2038 0.000174364
2039 0.000174364
2040 0.000174364
2041 0.000174364
2042 0.000174364
2043 0.000174364
2044 0.000174364
2045 0.000174364
2046 0.000174364
2047 0.000174364
2048 0.000174364
2049 0.000174364
2050 0.000174364
2051 0.000174364
2052 0.000174364
2053 0.000174364
2054 0.000174364
2055 0.000174364
2056 0.000174364
2057 0.000174364
2058 0.000174364
2059 0.000174364
2060 0.000174364
2061 0.000174364
2062 0.000172405
2064 0.000172405
2065 0.000172405
2066 0.000172405
2067 0.000172405
2068 0.000172405
2069 0.000172405
2070 0.000172405
2071 0.000172405
2072 0.000172405
2073 0.000172405
2074 0.000172405
2075 0.000172405
2076 0.000172405
2077 0.000172405
2078 0.000172405
2079 0.000172405
2080 0.000172405
2081 0.000172405
2082 0.000172405
2083 0.000172405
2084 0.000172405
2085 0.000172405
2086 0.000172405
2087 0.000172405
2088 0.000172405
2089 0.000172405
2090 0.000172405
2091 0.000172405
2092 0.000172405
2093 0.000172405
2094 0.000172405
2095 0.000172405
2096 0.000172405
2097 0.000172405
2098 0.000172405
2099 0.000172405
2100 0.000170446
2101 0.000170446
2102 0.000170446
2103 0.000170446
2104 0.000170446
2105 0.000170446
2106 0.000170446
2107 0.000170446
2108 0.000170446
2109 0.000170446
2110 0.000170446
2111 0.000170446
2112 0.000170446
2113 0.000170446
2114 0.000170446
2115 0.000170446
2116 0.000170446
2117 0.000170446
2118 0.000170446
2119 0.000170446
2120 0.000170446
2121 0.000170446
2122 0.000170446
2123 0.000170446
2124 0.000170446
2125 0.000170446
2126 0.000170446
2128 0.000170446
2129 0.000170446
2130 0.000170446
2131 0.000170446
2132 0.000170446
2133 0.000170446
2134 0.000170446
2135 0.000170446
2136 0.000170446
2137 0.000170446
2138 0.000170446
2139 0.000170446
2140 0.000170446
2141 0.000170446
2142 0.000170446
2143 0.000170446
2144 0.000170446
2145 0.000170446
2146 0.000170446
2147 0.000170446
2148 0.000170446
2149 0.000170446
2150 0.000168487
2151 0.000168487
2152 0.000168487
2153 0.000168487
2154 0.000168487
2155 0.000168487
2156 0.000168487
2157 0.000168487
2158 0.000168487
2159 0.000168487
2160 0.000168487
2161 0.000168487
2162 0.000168487
2163 0.000168487
2164 0.000168487
2165 0.000168487
2166 0.000168487
2167 0.000168487
2168 0.000168487
2169 0.000168487
2170 0.000168487
2171 0.000168487
2172 0.000168487
2173 0.000168487
2174 0.000168487
2175 0.000168487
2176 0.000168487
2177 0.000168487
2178 0.000168487
2179 0.000168487
2180 0.000168487
2181 0.000168487
2182 0.000168487
2183 0.000168487
2184 0.000168487
2185 0.000168487
2186 0.000168487
2187 0.000168487
2188 0.000168487
2189 0.000168487
2190 0.000168487
2191 0.000168487
2192 0.000166528
2193 0.000166528
2194 0.000166528
2195 0.000166528
2196 0.000166528
2197 0.000166528
2198 0.000166528
2200 0.000166528
2201 0.000166528
2202 0.000166528
2203 0.000166528
2204 0.000166528
2205 0.000166528
2206 0.000166528
2207 0.000166528
2208 0.000166528
2209 0.000166528
2210 0.000166528
2211 0.000166528
2212 0.000166528
2213 0.000166528
2214 0.000166528
2215 0.000166528
2216 0.000166528
2217 0.000166528
2218 0.000166528
2219 0.000166528
2220 0.000166528
2221 0.000166528
2222 0.000166528
2223 0.000166528
2224 0.000166528
2225 0.000166528
2226 0.000166528
2227 0.000166528
2228 0.000166528
2229 0.000164568
2230 0.000164568
2231 0.000164568
2232 0.000164568
2233 0.000164568
2234 0.000164568
2235 0.000164568
2236 0.000164568
2237 0.000164568
2238 0.000164568
2239 0.000164568
2240 0.000164568
2241 0.000164568
2242 0.000164568
2243 0.000164568
2244 0.000164568
2245 0.000164568
2246 0.000164568
2247 0.000164568
2248 0.000164568
2249 0.000164568
2250 0.000164568
2251 0.000164568
2252 0.000164568
2253 0.000164568
2254 0.000164568
2255 0.000164568
2256 0.000164568
2257 0.000164568
2258 0.000164568
2259 0.000164568
2260 0.000164568
2261 0.000164568
2262 0.000164568
2263 0.000164568
2264 0.000164568
2265 0.000164568
2266 0.000164568
2267 0.000164568
2268 0.000164568
2269 0.000164568
2270 0.000164568
2271 0.000164568
2272 0.000164568
2273 0.000164568
2274 0.000162609
2275 0.000162609
2276 0.000162609
2277 0.000162609
2278 0.000162609
2279 0.000162609
2280 0.000162609
2281 0.000162609
2282 0.000162609
2283 0.000162609
2284 0.000162609
2285 0.000162609
2286 0.000162609
2287 0.000162609
2288 0.000162609
2289 0.000162609
2290 0.000162609
2291 0.000162609
2292 0.000162609
2293 0.000162609
2294 0.000162609
2295 0.000162609
2296 0.000162609
2297 0.000162609
2298 0.000162609
2299 0.000162609
2300 0.000162609
2301 0.000162609
2302 0.000162609
2303 0.00016065
2304 0.00016065
2305 0.00016065
2306 0.00016065
2307 0.00016065
2308 0.00016065
2309 0.00016065
2310 0.00016065
2311 0.00016065
2312 0.00016065
2313 0.00016065
2314 0.00016065
2315 0.00016065
2316 0.00016065
2317 0.00016065
2318 0.00016065
2319 0.00016065
2320 0.00016065
2321 0.00016065
2322 0.00016065
2323 0.00016065
2324 0.00016065
2325 0.00016065
2326 0.00016065
2327 0.00016065
2328 0.00016065
2329 0.00016065
2330 0.00016065
2331 0.00016065
2332 0.00016065
2333 0.00016065
2334 0.000158691
2335 0.000158691
2336 0.000158691
2337 0.000158691
2338 0.000158691
2339 0.000158691
2340 0.000158691
2341 0.000158691
2342 0.000158691
2343 0.000158691
2344 0.000158691
2345 0.000158691
2346 0.000158691
2347 0.000158691
2348 0.000158691
2349 0.000158691
2350 0.000158691
2351 0.000158691
2352 0.000158691
2353 0.000158691
2354 0.000158691
2355 0.000158691
2356 0.000158691
2357 0.000158691
2358 0.000158691
2359 0.000158691
2360 0.000158691
2361 0.000158691
2362 0.000158691
2363 0.000158691
2364 0.000158691
2365 0.000158691
2366 0.000158691
2367 0.000158691
2368 0.000158691
2369 0.000158691
2370 0.000158691
2371 0.000158691
2372 0.000158691
2373 0.000158691
2374 0.000158691
2375 0.000158691
2376 0.000158691
2377 0.000158691
2378 0.000158691
2379 0.000158691
2380 0.000158691
2381 0.000158691
2382 0.000156732
2383 0.000156732
2384 0.000156732
2385 0.000156732
2387 0.000156732
2388 0.000156732
2389 0.000156732
2390 0.000156732
2391 0.000156732
2392 0.000156732
2393 0.000156732
2394 0.000156732
2395 0.000156732
2396 0.000156732
2397 0.000156732
2398 0.000156732
2399 0.000156732
2400 0.000156732
2401 0.000156732
2402 0.000156732
2403 0.000156732
2404 0.000156732
2405 0.000156732
2406 0.000156732
2407 0.000156732
2408 0.000156732
2409 0.000156732
2410 0.000156732
2411 0.000156732
2412 0.000156732
2413 0.000156732
2414 0.000156732
2415 0.000156732
2417 0.000156732
2418 0.000156732
2419 0.000156732
2420 0.000156732
2421 0.000156732
2422 0.000156732
2423 0.000156732
2424 0.000156732
2425 0.000156732
2426 0.000156732
2427 0.000156732
2428 0.000156732
2429 0.000156732
2430 0.000156732
2431 0.000156732
2432 0.000156732
2433 0.000156732
2434 0.000156732
2435 0.000156732
2436 0.000156732
2437 0.000156732
2438 0.000156732
2439 0.000156732
2440 0.000156732
2441 0.000156732
2442 0.000156732
2443 0.000154773
2444 0.000154773
2445 0.000154773
2446 0.000154773
2447 0.000154773
2449 0.000154773
2450 0.000154773
2451 0.000154773
2452 0.000154773
2453 0.000154773
2454 0.000154773
2456 0.000154773
2457 0.000154773
2458 0.000154773
2459 0.000154773
2460 0.000154773
2461 0.000154773
2462 0.000154773
2463 0.000154773
2464 0.000154773
2465 0.000154773
2466 0.000154773
2467 0.000154773
2468 0.000154773
2469 0.000154773
2470 0.000154773
2471 0.000154773
2472 0.000154773
2473 0.000154773
2474 0.000154773
2475 0.000154773
2476 0.000154773
2477 0.000154773
2478 0.000152814
2479 0.000152814
2480 0.000152814
2481 0.000152814
2482 0.000152814
2483 0.000152814
2484 0.000152814
2485 0.000152814
2486 0.000152814
2487 0.000152814
2488 0.000152814
2489 0.000152814
2490 0.000152814
2491 0.000152814
2492 0.000152814
2493 0.000152814
2494 0.000152814
2495 0.000152814
2496 0.000152814
2497 0.000152814
2498 0.000152814
2499 0.000152814
2500 0.000152814
2501 0.000152814
2502 0.000152814
2503 0.000152814
2504 0.000152814
2505 0.000152814
2506 0.000152814
2507 0.000152814
2508 0.000152814
2509 0.000152814
2510 0.000152814
2511 0.000152814
2512 0.000152814
2513 0.000152814
2514 0.000152814
2515 0.000152814
2516 0.000152814
2517 0.000152814
2518 0.000150854
2519 0.000150854
2520 0.000150854
2521 0.000150854
2522 0.000150854
2523 0.000150854
2524 0.000150854
2525 0.000150854
2526 0.000150854
2527 0.000150854
2528 0.000150854
2529 0.000150854
2530 0.000150854
2531 0.000150854
2532 0.000150854
2533 0.000150854
2534 0.000150854
2535 0.000150854
2536 0.000150854
2537 0.000150854
2538 0.000150854
2539 0.000150854
2540 0.000150854
2541 0.000150854
2542 0.000150854
2543 0.000150854
2544 0.000150854
2545 0.000150854
2546 0.000150854
2547 0.000150854
2548 0.000150854
2549 0.000150854
2550 0.000150854
2551 0.000150854
2552 0.000150854
2553 0.000150854
2554 0.000150854
2555 0.000150854
2556 0.000150854
2557 0.000150854
2558 0.000150854
2559 0.000150854
2560 0.000148895
2561 0.000148895
2562 0.000148895
2563 0.000148895
2564 0.000148895
2565 0.000148895
2566 0.000148895
2567 0.000148895
2568 0.000148895
2569 0.000148895
2570 0.000148895
2571 0.000148895
2572 0.000148895
2573 0.000148895
2574 0.000148895
2575 0.000148895
2576 0.000148895
2577 0.000148895
2578 0.000148895
2579 0.000148895
2580 0.000148895
2581 0.000148895
2582 0.000148895
2583 0.000148895
2584 0.000148895
2585 0.000148895
2586 0.000148895
2587 0.000148895
2588 0.000148895
2589 0.000148895
2590 0.000148895
2591 0.000148895
2592 0.000148895
2593 0.000148895
2594 0.000148895
2595 0.000148895
2596 0.000148895
2597 0.000148895
2598 0.000148895
2599 0.000148895
2600 0.000148895
2601 0.000148895
2602 0.000148895
2603 0.000148895
2604 0.000148895
2605 0.000148895
2606 0.000146936
2607 0.000146936
2608 0.000146936
2609 0.000146936
2610 0.000146936
2611 0.000146936
2612 0.000146936
2613 0.000146936
2614 0.000146936
2615 0.000146936
2616 0.000146936
2617 0.000146936
2618 0.000146936
2619 0.000146936
2620 0.000146936
2621 0.000146936
2622 0.000146936
2623 0.000146936
2624 0.000146936
2625 0.000146936
2626 0.000146936
2627 0.000146936
2628 0.000146936
2629 0.000146936
2630 0.000146936
2631 0.000146936
2632 0.000146936
2633 0.000146936
2634 0.000146936
2635 0.000146936
2636 0.000146936
2637 0.000146936
2638 0.000146936
2639 0.000146936
2640 0.000146936
2641 0.000146936
2642 0.000146936
2643 0.000146936
2644 0.000146936
2645 0.000146936
2646 0.000146936
2647 0.000146936
2648 0.000146936
2649 0.000146936
2650 0.000146936
2651 0.000146936
2652 0.000146936
2653 0.000146936
2654 0.000146936
2655 0.000146936
2656 0.000146936
2657 0.000146936
2658 0.000146936
2659 0.000146936
2660 0.000146936
2661 0.000146936
2662 0.000146936
2663 0.000146936
2664 0.000146936
2665 0.000146936
2666 0.000146936
2667 0.000144977
2668 0.000144977
2669 0.000144977
2670 0.000144977
2672 0.000144977
2673 0.000144977
2674 0.000144977
2675 0.000144977
2676 0.000144977
2677 0.000144977
2678 0.000144977
2679 0.000144977
2680 0.000144977
2681 0.000144977
2683 0.000144977
2684 0.000144977
2685 0.000144977
2686 0.000144977
2687 0.000144977
2688 0.000144977
2689 0.000144977
2690 0.000144977
2691 0.000144977
2692 0.000144977
2693 0.000144977
2694 0.000144977
2695 0.000144977
2696 0.000144977
2698 0.000144977
2699 0.000144977
2700 0.000144977
2701 0.000144977
2702 0.000144977
2703 0.000144977
2704 0.000144977
2705 0.000144977
2706 0.000144977
2707 0.000144977
2708 0.000144977
2709 0.000144977
2710 0.000144977
2711 0.000144977
2712 0.000144977
2713 0.000144977
2714 0.000144977
2715 0.000144977
2716 0.000144977
2717 0.000144977
2718 0.000144977
2719 0.000144977
2720 0.000144977
2721 0.000144977
2722 0.000144977
2723 0.000144977
2724 0.000144977
2725 0.000144977
2726 0.000144977
2727 0.000144977
2728 0.000144977
2729 0.000144977
2730 0.000144977
2731 0.000144977
2732 0.000143018
2733 0.000143018
2734 0.000143018
2735 0.000143018
2736 0.000143018
2737 0.000143018
2738 0.000143018
2739 0.000143018
2741 0.000143018
2742 0.000143018
2743 0.000143018
2744 0.000143018
2745 0.000143018
2746 0.000143018
2747 0.000143018
2748 0.000143018
2749 0.000143018
2750 0.000143018
2751 0.000143018
2752 0.000143018
2753 0.000143018
2754 0.000143018
2755 0.000143018
2756 0.000143018
2757 0.000143018
2758 0.000143018
2759 0.000143018
2760 0.000143018
2761 0.000143018
2762 0.000143018
2763 0.000143018
2764 0.000143018
2765 0.000143018
2766 0.000143018
2767 0.000143018
2768 0.000143018
2769 0.000141059
2770 0.000141059
2771 0.000141059
2772 0.000141059
2773 0.000141059
2774 0.000141059
2775 0.000141059
2776 0.000141059
2777 0.000141059
2778 0.000141059
2779 0.000141059
2780 0.000141059
2781 0.000141059
2782 0.000141059
2783 0.000141059
2784 0.000141059
2785 0.000141059
2786 0.000141059
2787 0.000141059
2788 0.000141059
2789 0.000141059
2790 0.000141059
2791 0.000141059
2792 0.000141059
2793 0.000141059
2794 0.000141059
2795 0.000141059
2796 0.000141059
2797 0.000141059
2798 0.000141059
2799 0.000141059
2800 0.000141059
2801 0.000141059
2802 0.000141059
2803 0.000141059
2804 0.000141059
2805 0.000141059
2806 0.000141059
2807 0.000141059
2808 0.000141059
2809 0.000141059
2810 0.000141059
2811 0.000141059
2812 0.000141059
2813 0.000141059
2814 0.000141059
2815 0.000141059
2816 0.000141059
2817 0.0001391
2818 0.0001391
2819 0.0001391
2820 0.0001391
2821 0.0001391
2822 0.0001391
2823 0.0001391
2824 0.0001391
2825 0.0001391
2826 0.0001391
2827 0.0001391
2828 0.0001391
2829 0.0001391
2830 0.0001391
2831 0.0001391
2832 0.0001391
2833 0.0001391
2834 0.0001391
2835 0.0001391
2836 0.0001391
2837 0.0001391
2838 0.0001391
2839 0.0001391
2840 0.0001391
2841 0.0001391
2842 0.0001391
2843 0.0001391
2844 0.0001391
2845 0.0001391
2846 0.0001391
2847 0.0001391
2848 0.0001391
2849 0.0001391
2850 0.0001391
2851 0.0001391
2852 0.0001391
2853 0.0001391
2854 0.0001391
2855 0.0001391
2856 0.0001391
2857 0.0001391
2858 0.0001391
2859 0.0001391
2860 0.0001391
2861 0.0001391
2862 0.00013714
2863 0.00013714
2864 0.00013714
2865 0.00013714
2866 0.00013714
2867 0.00013714
2868 0.00013714
2869 0.00013714
2870 0.00013714
2871 0.00013714
2872 0.00013714
2873 0.00013714
2874 0.00013714
2875 0.00013714
2876 0.00013714
2877 0.00013714
2878 0.00013714
2879 0.00013714
2880 0.00013714
2881 0.00013714
2882 0.00013714
2883 0.00013714
2884 0.00013714
2885 0.00013714
2886 0.00013714
2887 0.00013714
2888 0.00013714
2889 0.00013714
2890 0.00013714
2891 0.00013714
2892 0.00013714
2893 0.00013714
2894 0.00013714
2895 0.00013714
2896 0.00013714
2897 0.00013714
2898 0.00013714
2899 0.00013714
2900 0.00013714
2901 0.00013714
2902 0.00013714
2903 0.00013714
2904 0.00013714
2905 0.00013714
2906 0.00013714
2907 0.00013714
2908 0.00013714
2909 0.00013714
2910 0.00013714
2911 0.00013714
2912 0.00013714
2913 0.00013714
2914 0.00013714
2915 0.00013714
2916 0.000135181
2917 0.000135181
2918 0.000135181
2919 0.000135181
2920 0.000135181
2921 0.000135181
2922 0.000135181
2923 0.000135181
2924 0.000135181
2925 0.000135181
2926 0.000135181
2927 0.000135181
2928 0.000135181
2929 0.000135181
2930 0.000135181
2931 0.000135181
2932 0.000135181
2933 0.000135181
2934 0.000135181
2935 0.000135181
2936 0.000135181
2937 0.000135181
2938 0.000135181
2939 0.000135181
2940 0.000135181
2941 0.000135181
2942 0.000135181
2943 0.000135181
2944 0.000135181
2945 0.000135181
2946 0.000135181
2947 0.000135181
2948 0.000135181
2949 0.000135181
2950 0.000135181
2951 0.000135181
2952 0.000135181
2953 0.000135181
2954 0.000135181
2955 0.000135181
2956 0.000135181
2957 0.000135181
2958 0.000135181
2959 0.000135181
2960 0.000135181
2961 0.000135181
2962 0.000135181
2963 0.000135181
2964 0.000135181
2965 0.000135181
2966 0.000135181
2967 0.000135181
2968 0.000135181
2969 0.000135181
2970 0.000135181
2971 0.000135181
2972 0.000135181
2973 0.000135181
2974 0.000135181
2975 0.000135181
2976 0.000135181
2977 0.000135181
2978 0.000135181
2979 0.000135181
2980 0.000135181
2981 0.000135181
2982 0.000133222
2983 0.000133222
2984 0.000133222
2985 0.000133222
2986 0.000133222
2987 0.000133222
2988 0.000133222
2989 0.000133222
2990 0.000133222
2991 0.000133222
2992 0.000133222
2993 0.000133222
2994 0.000133222
2995 0.000133222
2996 0.000133222
2997 0.000133222
2998 0.000133222
2999 0.000133222
3000 0.000133222
3001 0.000133222
3002 0.000133222
3003 0.000133222
3004 0.000133222
3005 0.000133222
3006 0.000133222
3007 0.000133222
3008 0.000133222
3009 0.000133222
3010 0.000133222
3011 0.000133222
3012 0.000133222
3013 0.000133222
3014 0.000133222
3015 0.000133222
3016 0.000133222
3017 0.000133222
3018 0.000133222
3019 0.000133222
3020 0.000133222
3021 0.000133222
3022 0.000133222
3023 0.000133222
3024 0.000133222
3025 0.000133222
3026 0.000133222
3027 0.000133222
3028 0.000133222
3029 0.000133222
3030 0.000133222
3031 0.000133222
3032 0.000133222
3033 0.000133222
3034 0.000133222
3035 0.000133222
3036 0.000133222
3037 0.000133222
3038 0.000133222
3039 0.000131263
3040 0.000131263
3041 0.000131263
3042 0.000131263
3043 0.000131263
3044 0.000131263
3045 0.000131263
3046 0.000131263
3047 0.000131263
3048 0.000131263
3050 0.000131263
3051 0.000131263
3052 0.000131263
3053 0.000131263
3054 0.000131263
3055 0.000131263
3056 0.000131263
3057 0.000131263
3058 0.000131263
3059 0.000131263
3060 0.000131263
3061 0.000131263
3062 0.000131263
3063 0.000131263
3064 0.000131263
3065 0.000131263
3066 0.000131263
3067 0.000131263
3068 0.000131263
3069 0.000131263
3070 0.000131263
3071 0.000131263
3072 0.000131263
3073 0.000131263
3074 0.000131263
3075 0.000131263
3076 0.000131263
3077 0.000131263
3078 0.000131263
3079 0.000131263
3080 0.000131263
3081 0.000131263
3082 0.000131263
3083 0.000131263
3084 0.000131263
3085 0.000131263
3086 0.000131263
3087 0.000131263
3088 0.000131263
3089 0.000131263
3090 0.000131263
3091 0.000131263
3092 0.000131263
3093 0.000131263
3094 0.000131263
3095 0.000131263
3096 0.000131263
3097 0.000131263
3099 0.000131263
3100 0.000129304
3101 0.000129304
3102 0.000129304
3103 0.000129304
3104 0.000129304
3105 0.000129304
3106 0.000129304
3107 0.000129304
3108 0.000129304
3110 0.000129304
3111 0.000129304
3112 0.000129304
3113 0.000129304
3114 0.000129304
3115 0.000129304
3116 0.000129304
3117 0.000129304
3118 0.000129304
3119 0.000129304
3120 0.000129304
3121 0.000129304
3122 0.000129304
3123 0.000129304
3124 0.000129304
3125 0.000129304
3126 0.000129304
3127 0.000129304
3128 0.000129304
3129 0.000129304
3130 0.000129304
3131 0.000129304
3132 0.000129304
3133 0.000129304
3134 0.000129304
3135 0.000129304
3136 0.000129304
3137 0.000129304
3138 0.000129304
3139 0.000129304
3140 0.000129304
3141 0.000129304
3142 0.000129304
3143 0.000129304
3144 0.000129304
3145 0.000129304
3146 0.000129304
3147 0.000129304
3148 0.000129304
3149 0.000129304
3150 0.000129304
3151 0.000129304
3152 0.000129304
3153 0.000129304
3154 0.000129304
3155 0.000129304
3156 0.000129304
3157 0.000129304
3158 0.000129304
3159 0.000129304
3160 0.000129304
3161 0.000129304
3162 0.000129304
3163 0.000127345
3164 0.000127345
3165 0.000127345
3166 0.000127345
3167 0.000127345
3168 0.000127345
3169 0.000127345
3170 0.000127345
3171 0.000127345
3172 0.000127345
3173 0.000127345
3174 0.000127345
3175 0.000127345
3176 0.000127345
3177 0.000127345
3178 0.000127345
3179 0.000127345
3180 0.000127345
3181 0.000127345
3182 0.000127345
3183 0.000127345
3184 0.000127345
3185 0.000127345
3186 0.000127345
3187 0.000127345
3188 0.000127345
3189 0.000127345
3190 0.000127345
3191 0.000127345
3192 0.000127345
3193 0.000127345
3194 0.000127345
3195 0.000127345
3196 0.000127345
3197 0.000127345
3198 0.000127345
3199 0.000127345
3200 0.000127345
3201 0.000127345
3202 0.000127345
3203 0.000127345
3204 0.000127345
3205 0.000127345
3206 0.000127345
3207 0.000127345
3208 0.000127345
3209 0.000127345
3210 0.000127345
3211 0.000127345
3212 0.000127345
3213 0.000127345
3214 0.000127345
3215 0.000127345
3216 0.000127345
3217 0.000127345
3218 0.000127345
3219 0.000127345
3220 0.000127345
3221 0.000127345
3222 0.000125385
3223 0.000125385
3224 0.000125385
3225 0.000125385
3227 0.000125385
3228 0.000125385
3229 0.000125385
3230 0.000125385
3231 0.000125385
3232 0.000125385
3233 0.000125385
3234 0.000125385
3235 0.000125385
3236 0.000125385
3237 0.000125385
3238 0.000125385
3239 0.000125385
3240 0.000125385
3241 0.000125385
3242 0.000125385
3243 0.000125385
3244 0.000125385
3246 0.000125385
3247 0.000125385
3248 0.000125385
3249 0.000125385
3250 0.000125385
3251 0.000125385
3252 0.000125385
3253 0.000125385
3254 0.000125385
3255 0.000125385
3256 0.000125385
3257 0.000125385
3258 0.000125385
3259 0.000125385
3260 0.000125385
3261 0.000125385
3262 0.000125385
3263 0.000125385
3264 0.000125385
3265 0.000125385
3266 0.000125385
3267 0.000125385
3268 0.000125385
3269 0.000125385
3270 0.000125385
3271 0.000125385
3272 0.000125385
3273 0.000125385
3274 0.000125385
3275 0.000125385
3276 0.000125385
3277 0.000125385
3278 0.000125385
3279 0.000125385
3280 0.000125385
3281 0.000125385
3282 0.000125385
3283 0.000125385
3284 0.000125385
3285 0.000125385
3286 0.000125385
3287 0.000125385
3288 0.000125385
3289 0.000125385
3290 0.000125385
3291 0.000125385
3292 0.000125385
3293 0.000125385
3294 0.000125385
3295 0.000125385
3296 0.000125385
3297 0.000125385
3298 0.000125385
3299 0.000123426
3300 0.000123426
3301 0.000123426
3302 0.000123426
3303 0.000123426
3304 0.000123426
3305 0.000123426
3306 0.000123426
3307 0.000123426
3308 0.000123426
3309 0.000123426
3310 0.000123426
3311 0.000123426
3312 0.000123426
3313 0.000123426
3314 0.000123426
3315 0.000123426
3316 0.000123426
3317 0.000123426
3318 0.000123426
3319 0.000123426
3320 0.000123426
3321 0.000123426
3322 0.000123426
3323 0.000123426
3324 0.000123426
3325 0.000123426
3326 0.000123426
3327 0.000123426
3328 0.000123426
3329 0.000123426
3330 0.000123426
3331 0.000123426
3332 0.000123426
3333 0.000123426
3334 0.000123426
3335 0.000123426
3336 0.000123426
3337 0.000123426
3338 0.000123426
3339 0.000123426
3340 0.000123426
3341 0.000123426
3342 0.000123426
3343 0.000123426
3344 0.000123426
3345 0.000123426
3346 0.000123426
3347 0.000123426
3348 0.000123426
3349 0.000123426
3350 0.000123426
3351 0.000123426
3352 0.000123426
3353 0.000123426
3354 0.000123426
3355 0.000123426
3356 0.000123426
3357 0.000123426
3358 0.000123426
3359 0.000123426
3360 0.000123426
3361 0.000123426
3362 0.000123426
3363 0.000123426
3364 0.000123426
3365 0.000123426
3366 0.000121467
3367 0.000121467
3368 0.000121467
3369 0.000121467
3370 0.000121467
3371 0.000121467
3372 0.000121467
3373 0.000121467
3374 0.000121467
3375 0.000121467
3376 0.000121467
3377 0.000121467
3378 0.000121467
3379 0.000121467
3380 0.000121467
3381 0.000121467
3382 0.000121467
3383 0.000121467
3384 0.000121467
3385 0.000121467
3386 0.000121467
3387 0.000121467
3388 0.000121467
3389 0.000121467
3390 0.000121467
3391 0.000121467
3392 0.000121467
3393 0.000121467
3394 0.000121467
3395 0.000121467
3396 0.000121467
3397 0.000121467
3398 0.000121467
3399 0.000121467
3400 0.000121467
3401 0.000121467
3402 0.000121467
3403 0.000121467
3404 0.000121467
3405 0.000121467
3406 0.000121467
3407 0.000121467
3408 0.000121467
3409 0.000121467
3410 0.000121467
3411 0.000121467
3412 0.000121467
3413 0.000121467
3414 0.000121467
3415 0.000121467
3416 0.000121467
3417 0.000121467
3418 0.000121467
3419 0.000121467
3420 0.000121467
3421 0.000119508
3422 0.000119508
3423 0.000119508
3424 0.000119508
3425 0.000119508
3426 0.000119508
3428 0.000119508
3429 0.000119508
3430 0.000119508
3432 0.000119508
3433 0.000119508
3434 0.000119508
3435 0.000119508
3437 0.000119508
3438 0.000119508
3439 0.000119508
3440 0.000119508
3441 0.000119508
3442 0.000119508
3443 0.000119508
3444 0.000119508
3445 0.000119508
3446 0.000119508
3447 0.000119508
3448 0.000119508
3449 0.000119508
3450 0.000119508
3451 0.000119508
3452 0.000119508
3453 0.000119508
3454 0.000119508
3455 0.000119508
3456 0.000119508
3457 0.000119508
3458 0.000119508
3459 0.000119508
3460 0.000119508
3461 0.000119508
3462 0.000119508
3463 0.000119508
3464 0.000119508
3465 0.000119508
3466 0.000119508
3467 0.000119508
3468 0.000119508
3469 0.000119508
3470 0.000119508
3471 0.000119508
3472 0.000119508
3473 0.000119508
3474 0.000119508
3475 0.000119508
3476 0.000119508
3477 0.000119508
3478 0.000117549
3479 0.000117549
3480 0.000117549
3481 0.000117549
3482 0.000117549
3483 0.000117549
3484 0.000117549
3485 0.000117549
3486 0.000117549
3487 0.000117549
3488 0.000117549
3489 0.000117549
3490 0.000117549
3491 0.000117549
3492 0.000117549
3493 0.000117549
3494 0.000117549
3495 0.000117549
3496 0.000117549
3497 0.000117549
3498 0.000117549
3499 0.000117549
3500 0.000117549
3501 0.000117549
3502 0.000117549
3503 0.000117549
3504 0.000117549
3505 0.000117549
3506 0.000117549
3507 0.000117549
3508 0.000117549
3509 0.000117549
3510 0.000117549
3511 0.000117549
3512 0.000117549
3513 0.000117549
3514 0.000117549
3515 0.000117549
3516 0.000117549
3517 0.000117549
3518 0.000117549
3519 0.000117549
3520 0.000117549
3521 0.000117549
3522 0.000117549
3523 0.000117549
3524 0.000117549
3525 0.000117549
3526 0.000117549
3527 0.000117549
3528 0.000117549
3529 0.000117549
3530 0.000117549
3531 0.000117549
3532 0.000117549
3533 0.000117549
3534 0.000117549
3535 0.000117549
3536 0.000117549
3537 0.000117549
3538 0.000117549
3539 0.000117549
3540 0.000117549
3541 0.00011559
3542 0.00011559
3543 0.00011559
3544 0.00011559
3545 0.00011559
3546 0.00011559
3547 0.00011559
3548 0.00011559
3549 0.00011559
3550 0.00011559
3551 0.00011559
3552 0.00011559
3553 0.00011559
3554 0.00011559
3555 0.00011559
3556 0.00011559
3557 0.00011559
3558 0.00011559
3559 0.00011559
3560 0.00011559
3561 0.00011559
3562 0.00011559
3563 0.00011559
3564 0.00011559
3565 0.00011559
3566 0.00011559
3567 0.00011559
3568 0.00011559
3569 0.00011559
3570 0.00011559
3571 0.00011559
3572 0.00011559
3573 0.00011559
3574 0.00011559
3575 0.00011559
3576 0.00011559
3577 0.00011559
3578 0.00011559
3579 0.00011559
3580 0.00011559
3581 0.00011559
3582 0.00011559
3583 0.00011559
3584 0.00011559
3585 0.00011559
3586 0.00011559
3587 0.00011559
3588 0.00011559
3589 0.00011559
3590 0.00011559
3591 0.00011559
3592 0.00011559
3593 0.00011559
3594 0.00011559
3595 0.00011559
3596 0.00011559
3597 0.00011559
3598 0.00011559
3599 0.00011559
3600 0.00011559
3601 0.00011559
3602 0.00011559
3603 0.000113631
3604 0.000113631
3605 0.000113631
3606 0.000113631
3607 0.000113631
3608 0.000113631
3609 0.000113631
3610 0.000113631
3611 0.000113631
3612 0.000113631
3613 0.000113631
3614 0.000113631
3615 0.000113631
3616 0.000113631
3617 0.000113631
3618 0.000113631
3619 0.000113631
3620 0.000113631
3621 0.000113631
3622 0.000113631
3623 0.000113631
3624 0.000113631
3625 0.000113631
3626 0.000113631
3627 0.000113631
3628 0.000113631
3629 0.000113631
3630 0.000113631
3631 0.000113631
3632 0.000113631
3634 0.000113631
3635 0.000113631
3636 0.000113631
3637 0.000113631
3638 0.000113631
3639 0.000113631
3640 0.000113631
3641 0.000113631
3642 0.000113631
3643 0.000113631
3644 0.000113631
3645 0.000113631
3646 0.000113631
3647 0.000113631
3648 0.000113631
3649 0.000113631
3650 0.000113631
3651 0.000113631
3652 0.000113631
3653 0.000113631
3654 0.000113631
3655 0.000113631
3656 0.000113631
3657 0.000113631
3658 0.000113631
3659 0.000113631
3660 0.000113631
3661 0.000113631
3662 0.000113631
3663 0.000113631
3664 0.000113631
3665 0.000113631
3666 0.000113631
3667 0.000113631
3668 0.000113631
3669 0.000113631
3670 0.000113631
3671 0.000113631
3672 0.000113631
3673 0.000113631
3674 0.000113631
3675 0.000111671
3676 0.000111671
3677 0.000111671
3678 0.000111671
3679 0.000111671
3680 0.000111671
3681 0.000111671
3682 0.000111671
3683 0.000111671
3684 0.000111671
3685 0.000111671
3686 0.000111671
3687 0.000111671
3688 0.000111671
3689 0.000111671
3690 0.000111671
3691 0.000111671
3692 0.000111671
3693 0.000111671
3694 0.000111671
3695 0.000111671
3696 0.000111671
3697 0.000111671
3698 0.000111671
3699 0.000111671
3700 0.000111671
3701 0.000111671
3702 0.000111671
3703 0.000111671
3704 0.000111671
3705 0.000111671
3706 0.000111671
3707 0.000111671
3708 0.000111671
3709 0.000111671
3710 0.000111671
3711 0.000111671
3712 0.000111671
3713 0.000111671
3714 0.000111671
3715 0.000111671
3716 0.000111671
3717 0.000111671
3718 0.000111671
3719 0.000111671
3720 0.000111671
3721 0.000111671
3722 0.000111671
3723 0.000111671
3724 0.000111671
3725 0.000111671
3726 0.000111671
3727 0.000111671
3728 0.000111671
3729 0.000111671
3730 0.000111671
3731 0.000111671
3732 0.000111671
3733 0.000111671
3734 0.000111671
3735 0.000111671
3736 0.000111671
3737 0.000111671
3738 0.000111671
3739 0.000111671
3740 0.000109712
3741 0.000109712
3742 0.000109712
3743 0.000109712
3744 0.000109712
3745 0.000109712
3746 0.000109712
3747 0.000109712
3748 0.000109712
3749 0.000109712
3750 0.000109712
3751 0.000109712
3752 0.000109712
3753 0.000109712
3754 0.000109712
3755 0.000109712
3756 0.000109712
3757 0.000109712
3758 0.000109712
3759 0.000109712
3760 0.000109712
3761 0.000109712
3762 0.000109712
3763 0.000109712
3764 0.000109712
3765 0.000109712
3766 0.000109712
3767 0.000109712
3768 0.000109712
3769 0.000109712
3770 0.000109712
3771 0.000109712
3772 0.000109712
3773 0.000109712
3774 0.000109712
3775 0.000109712
3776 0.000109712
3777 0.000109712
3778 0.000109712
3779 0.000109712
3780 0.000109712
3781 0.000109712
3782 0.000109712
3783 0.000109712
3784 0.000109712
3785 0.000109712
3786 0.000109712
3787 0.000109712
3788 0.000109712
3789 0.000109712
3790 0.000109712
3791 0.000109712
3792 0.000109712
3793 0.000107753
3794 0.000107753
3795 0.000107753
3796 0.000107753
3797 0.000107753
3798 0.000107753
3799 0.000107753
3800 0.000107753
3801 0.000107753
3802 0.000107753
3803 0.000107753
3804 0.000107753
3805 0.000107753
3806 0.000107753
3807 0.000107753
3808 0.000107753
3809 0.000107753
3810 0.000107753
3811 0.000107753
3812 0.000107753
3813 0.000107753
3814 0.000107753
3815 0.000107753
3816 0.000107753
3817 0.000107753
3818 0.000107753
3819 0.000107753
3820 0.000107753
3821 0.000107753
3822 0.000107753
3823 0.000107753
3824 0.000107753
3825 0.000107753
3826 0.000107753
3827 0.000107753
3828 0.000107753
3829 0.000107753
3830 0.000107753
3831 0.000107753
3832 0.000107753
3833 0.000107753
3834 0.000107753
3835 0.000107753
3836 0.000107753
3837 0.000107753
3838 0.000107753
3839 0.000107753
3840 0.000107753
3841 0.000107753
3842 0.000107753
3843 0.000107753
3844 0.000107753
3845 0.000107753
3846 0.000107753
3847 0.000107753
3848 0.000107753
3849 0.000107753
3850 0.000107753
3851 0.000107753
3852 0.000107753
3853 0.000107753
3854 0.000107753
3855 0.000107753
3856 0.000107753
3857 0.000107753
3858 0.000107753
3859 0.000107753
3860 0.000107753
3861 0.000107753
3862 0.000107753
3863 0.000107753
3864 0.000107753
3865 0.000107753
3866 0.000107753
3867 0.000107753
3868 0.000107753
3869 0.000107753
3870 0.000107753
3871 0.000105794
3872 0.000105794
3873 0.000105794
3874 0.000105794
3875 0.000105794
3876 0.000105794
3877 0.000105794
3878 0.000105794
3879 0.000105794
3880 0.000105794
3881 0.000105794
3882 0.000105794
3883 0.000105794
3884 0.000105794
3885 0.000105794
3886 0.000105794
3887 0.000105794
3888 0.000105794
3889 0.000105794
3890 0.000105794
3891 0.000105794
3892 0.000105794
3893 0.000105794
3894 0.000105794
3895 0.000105794
3896 0.000105794
3897 0.000105794
3898 0.000105794
3899 0.000105794
3900 0.000105794
3901 0.000105794
3902 0.000105794
3903 0.000105794
3904 0.000105794
3905 0.000105794
3906 0.000105794
3907 0.000105794
3908 0.000105794
3909 0.000105794
3910 0.000105794
3911 0.000105794
3912 0.000105794
3913 0.000105794
3914 0.000105794
3915 0.000105794
3916 0.000105794
3917 0.000105794
3919 0.000103835
3920 0.000103835
3921 0.000103835
3922 0.000103835
3923 0.000103835
3924 0.000103835
3926 0.000103835
3927 0.000103835
3928 0.000103835
3929 0.000103835
3930 0.000103835
3931 0.000103835
3932 0.000103835
3933 0.000103835
3934 0.000103835
3935 0.000103835
3936 0.000103835
3937 0.000103835
3938 0.000103835
3939 0.000103835
3940 0.000103835
3941 0.000103835
3942 0.000103835
3943 0.000103835
3944 0.000103835
3945 0.000103835
3946 0.000103835
3947 0.000103835
3948 0.000103835
3949 0.000103835
3950 0.000103835
3951 0.000103835
3952 0.000103835
3953 0.000103835
3954 0.000103835
3955 0.000103835
3956 0.000103835
3957 0.000103835
3958 0.000103835
3959 0.000103835
3960 0.000103835
3961 0.000103835
3962 0.000103835
3963 0.000103835
3964 0.000103835
3965 0.000101876
3966 0.000101876
3967 0.000101876
3968 0.000101876
3969 0.000101876
3970 0.000101876
3971 0.000101876
3972 0.000101876
3973 0.000101876
3974 0.000101876
3975 0.000101876
3976 0.000101876
3977 0.000101876
3978 0.000101876
3979 0.000101876
3980 0.000101876
3981 0.000101876
3982 0.000101876
3983 0.000101876
3984 0.000101876
3985 0.000101876
3986 0.000101876
3987 0.000101876
3988 0.000101876
3989 0.000101876
3990 0.000101876
3991 0.000101876
3992 0.000101876
3993 0.000101876
3994 0.000101876
3995 0.000101876
3996 0.000101876
3997 0.000101876
3998 0.000101876
3999 0.000101876
4000 0.000101876
4001 0.000101876
4002 0.000101876
4003 0.000101876
4004 0.000101876
4005 0.000101876
4006 0.000101876
4007 0.000101876
4008 0.000101876
4009 0.000101876
4010 0.000101876
4011 0.000101876
4012 0.000101876
4013 0.000101876
4014 0.000101876
4015 0.000101876
4016 0.000101876
4017 0.000101876
4018 0.000101876
4019 0.000101876
4020 0.000101876
4021 0.000101876
4022 0.000101876
4023 0.000101876
4024 0.000101876
4025 0.000101876
4026 0.000101876
4027 0.000101876
4028 0.000101876
4029 0.000101876
4030 0.000101876
4031 0.000101876
4032 0.000101876
4033 0.000101876
4034 0.000101876
4035 0.000101876
4036 0.000101876
4037 0.000101876
4038 0.000101876
4039 0.000101876
4040 0.000101876
4041 0.000101876
4042 0.000101876
4043 0.000101876
4044 0.000101876
4045 9.99165E-05
4046 9.99165E-05
4047 9.99165E-05
4048 9.99165E-05
4049 9.99165E-05
4050 9.99165E-05
4051 9.99165E-05
4052 9.99165E-05
4053 9.99165E-05
4054 9.99165E-05
4055 9.99165E-05
4056 9.99165E-05
4057 9.99165E-05
4058 9.99165E-05
4059 9.99165E-05
4060 9.99165E-05
4061 9.99165E-05
4062 9.99165E-05
4063 9.99165E-05
4064 9.99165E-05
4065 9.99165E-05
4066 9.99165E-05
4067 9.99165E-05
4068 9.99165E-05
4069 9.99165E-05
4070 9.99165E-05
4071 9.99165E-05
4072 9.99165E-05
4073 9.99165E-05
4074 9.99165E-05
4075 9.99165E-05
4076 9.99165E-05
4077 9.99165E-05
4078 9.99165E-05
4079 9.99165E-05
4080 9.99165E-05
4081 9.99165E-05
4082 9.99165E-05
4083 9.99165E-05
4084 9.99165E-05
4085 9.99165E-05
4086 9.99165E-05
4087 9.99165E-05
4088 9.99165E-05
4089 9.99165E-05
4090 9.99165E-05
4091 9.99165E-05
4092 9.99165E-05
4093 9.99165E-05
4094 9.99165E-05
4095 9.99165E-05
4096 9.99165E-05
4097 9.99165E-05
4098 9.99165E-05
4099 9.99165E-05
4100 9.99165E-05
4101 9.99165E-05
4102 9.99165E-05
4103 9.99165E-05
4104 9.99165E-05
4105 9.79574E-05
4106 9.79574E-05
4107 9.79574E-05
4108 9.79574E-05
4109 9.79574E-05
4110 9.79574E-05
4111 9.79574E-05
4112 9.79574E-05
4113 9.79574E-05
4114 9.79574E-05
4115 9.79574E-05
4116 9.79574E-05
4117 9.79574E-05
4118 9.79574E-05
4119 9.79574E-05
4121 9.79574E-05
4122 9.79574E-05
4123 9.79574E-05
4124 9.79574E-05
4125 9.79574E-05
4126 9.79574E-05
4127 9.79574E-05
4128 9.79574E-05
4129 9.79574E-05
4130 9.79574E-05
4131 9.79574E-05
4132 9.79574E-05
4133 9.79574E-05
4134 9.79574E-05
4135 9.79574E-05
4136 9.79574E-05
4137 9.79574E-05
4138 9.79574E-05
4139 9.79574E-05
4140 9.79574E-05
4141 9.79574E-05
4142 9.79574E-05
4143 9.79574E-05
4144 9.79574E-05
4145 9.79574E-05
4146 9.79574E-05
4147 9.79574E-05
4148 9.79574E-05
4149 9.79574E-05
4150 9.79574E-05
4151 9.79574E-05
4152 9.79574E-05
4153 9.79574E-05
4154 9.79574E-05
4155 9.79574E-05
4156 9.79574E-05
4157 9.79574E-05
4158 9.79574E-05
4159 9.79574E-05
4160 9.59983E-05
4161 9.59983E-05
4162 9.59983E-05
4163 9.59983E-05
4164 9.59983E-05
4165 9.59983E-05
4166 9.59983E-05
4167 9.59983E-05
4168 9.59983E-05
4169 9.59983E-05
4170 9.59983E-05
4171 9.59983E-05
4172 9.59983E-05
4173 9.59983E-05
4174 9.59983E-05
4175 9.59983E-05
4176 9.59983E-05
4177 9.59983E-05
4178 9.59983E-05
4179 9.59983E-05
4180 9.59983E-05
4181 9.59983E-05
4182 9.59983E-05
4183 9.59983E-05
4184 9.59983E-05
4185 9.59983E-05
4186 9.59983E-05
4187 9.59983E-05
4188 9.59983E-05
4189 9.59983E-05
4190 9.59983E-05
4191 9.59983E-05
4192 9.59983E-05
4193 9.59983E-05
4194 9.59983E-05
4195 9.59983E-05
4196 9.59983E-05
4197 9.59983E-05
4198 9.59983E-05
4199 9.59983E-05
4200 9.59983E-05
4201 9.59983E-05
4202 9.59983E-05
4203 9.59983E-05
4204 9.59983E-05
4205 9.59983E-05
4206 9.59983E-05
4207 9.59983E-05
4208 9.59983E-05
4209 9.59983E-05
4210 9.59983E-05
4211 9.59983E-05
4212 9.59983E-05
4213 9.59983E-05
4214 9.59983E-05
4215 9.59983E-05
4216 9.59983E-05
4217 9.59983E-05
4218 9.59983E-05
4219 9.59983E-05
4220 9.59983E-05
4221 9.59983E-05
4222 9.59983E-05
4223 9.59983E-05
4224 9.59983E-05
4225 9.59983E-05
4226 9.59983E-05
4227 9.59983E-05
4228 9.59983E-05
4229 9.59983E-05
4230 9.59983E-05
4231 9.59983E-05
4232 9.59983E-05
4233 9.40391E-05
4234 9.40391E-05
4235 9.40391E-05
4236 9.40391E-05
4237 9.40391E-05
4238 9.40391E-05
4239 9.40391E-05
4240 9.40391E-05
4241 9.40391E-05
4242 9.40391E-05
4243 9.40391E-05
4244 9.40391E-05
4245 9.40391E-05
4246 9.40391E-05
4247 9.40391E-05
4248 9.40391E-05
4249 9.40391E-05
4250 9.40391E-05
4251 9.40391E-05
4252 9.40391E-05
4253 9.40391E-05
4254 9.40391E-05
4255 9.40391E-05
4256 9.40391E-05
4257 9.40391E-05
4258 9.40391E-05
4259 9.40391E-05
4260 9.40391E-05
4261 9.40391E-05
4262 9.40391E-05
4263 9.40391E-05
4264 9.40391E-05
4265 9.40391E-05
4266 9.40391E-05
4267 9.40391E-05
4268 9.40391E-05
4269 9.40391E-05
4270 9.40391E-05
4271 9.40391E-05
4272 9.40391E-05
4273 9.40391E-05
4274 9.40391E-05
4275 9.40391E-05
4276 9.40391E-05
4277 9.40391E-05
4278 9.40391E-05
4279 9.40391E-05
4280 9.40391E-05
4281 9.40391E-05
4282 9.40391E-05
4283 9.40391E-05
4284 9.40391E-05
4285 9.40391E-05
4286 9.40391E-05
4287 9.40391E-05
4288 9.40391E-05
4289 9.40391E-05
4290 9.40391E-05
4291 9.40391E-05
4292 9.208E-05
4293 9.208E-05
4294 9.208E-05
4295 9.208E-05
4296 9.208E-05
4297 9.208E-05
4298 9.208E-05
4299 9.208E-05
4300 9.208E-05
4301 9.208E-05
4302 9.208E-05
4303 9.208E-05
4304 9.208E-05
4305 9.208E-05
4306 9.208E-05
4307 9.208E-05
4308 9.208E-05
4309 9.208E-05
4310 9.208E-05
4311 9.208E-05
4312 9.208E-05
4313 9.208E-05
4314 9.208E-05
4315 9.208E-05
4316 9.208E-05
4317 9.208E-05
4318 9.208E-05
4319 9.208E-05
4320 9.208E-05
4321 9.208E-05
4322 9.208E-05
4323 9.208E-05
4324 9.208E-05
4325 9.208E-05
4326 9.208E-05
4327 9.208E-05
4328 9.208E-05
4329 9.208E-05
4330 9.208E-05
4331 9.208E-05
4332 9.208E-05
4333 9.208E-05
4334 9.208E-05
4335 9.208E-05
4336 9.208E-05
4337 9.208E-05
4338 9.208E-05
4339 9.208E-05
4340 9.208E-05
4341 9.208E-05
4342 9.208E-05
4343 9.208E-05
4344 9.208E-05
4345 9.208E-05
4346 9.208E-05
4347 9.208E-05
4348 9.208E-05
4349 9.208E-05
4350 9.208E-05
4351 9.208E-05
4352 9.208E-05
4353 9.208E-05
4354 9.208E-05
4355 9.208E-05
4356 9.208E-05
4357 9.01208E-05
4358 9.01208E-05
4359 9.01208E-05
4360 9.01208E-05
4361 9.01208E-05
4362 9.01208E-05
4363 9.01208E-05
4364 9.01208E-05
4365 9.01208E-05
4366 9.01208E-05
4367 9.01208E-05
4368 9.01208E-05
4369 9.01208E-05
4370 9.01208E-05
4371 9.01208E-05
4372 9.01208E-05
4373 9.01208E-05
4374 9.01208E-05
4375 9.01208E-05
4376 9.01208E-05
4377 9.01208E-05
4378 9.01208E-05
4379 9.01208E-05
4380 9.01208E-05
4381 9.01208E-05
4382 9.01208E-05
4383 9.01208E-05
4384 9.01208E-05
4385 9.01208E-05
4386 9.01208E-05
4387 9.01208E-05
4388 9.01208E-05
4389 9.01208E-05
4390 9.01208E-05
4391 9.01208E-05
4392 9.01208E-05
4393 9.01208E-05
4394 9.01208E-05
4395 9.01208E-05
4396 9.01208E-05
4397 9.01208E-05
4398 9.01208E-05
4399 9.01208E-05
4400 9.01208E-05
4401 9.01208E-05
4402 9.01208E-05
4403 9.01208E-05
4404 9.01208E-05
4405 9.01208E-05
4406 9.01208E-05
4407 9.01208E-05
4408 9.01208E-05
4409 9.01208E-05
4410 9.01208E-05
4411 8.81617E-05
4412 8.81617E-05
4413 8.81617E-05
4414 8.81617E-05
4415 8.81617E-05
4416 8.81617E-05
4418 8.81617E-05
4419 8.81617E-05
4420 8.81617E-05
4421 8.81617E-05
4422 8.81617E-05
4423 8.81617E-05
4424 8.81617E-05
4425 8.81617E-05
4426 8.81617E-05
4427 8.81617E-05
4428 8.81617E-05
4430 8.81617E-05
4431 8.81617E-05
4432 8.81617E-05
4433 8.81617E-05
4434 8.81617E-05
4435 8.81617E-05
4436 8.81617E-05
4437 8.81617E-05
4438 8.81617E-05
4439 8.81617E-05
4440 8.81617E-05
4441 8.81617E-05
4442 8.81617E-05
4443 8.81617E-05
4444 8.81617E-05
4445 8.81617E-05
4446 8.81617E-05
4447 8.81617E-05
4448 8.81617E-05
4449 8.81617E-05
4450 8.81617E-05
4451 8.81617E-05
4452 8.81617E-05
4453 8.81617E-05
4454 8.81617E-05
4455 8.81617E-05
4456 8.81617E-05
4457 8.81617E-05
4458 8.81617E-05
4459 8.81617E-05
4460 8.81617E-05
4461 8.81617E-05
4462 8.81617E-05
4463 8.81617E-05
4464 8.81617E-05
4465 8.81617E-05
4466 8.81617E-05
4467 8.81617E-05
4468 8.81617E-05
4469 8.81617E-05
4470 8.81617E-05
4471 8.81617E-05
4472 8.81617E-05
4473 8.81617E-05
4474 8.62025E-05
4475 8.62025E-05
4476 8.62025E-05
4477 8.62025E-05
4478 8.62025E-05
4479 8.62025E-05
4480 8.62025E-05
4481 8.62025E-05
4482 8.62025E-05
4483 8.62025E-05
4484 8.62025E-05
4485 8.62025E-05
4486 8.62025E-05
4487 8.62025E-05
4488 8.62025E-05
4489 8.62025E-05
4490 8.62025E-05
4491 8.62025E-05
4492 8.62025E-05
4493 8.62025E-05
4494 8.62025E-05
4495 8.62025E-05
4496 8.62025E-05
4497 8.62025E-05
4498 8.62025E-05
4499 8.62025E-05
4500 8.62025E-05
4501 8.62025E-05
4502 8.62025E-05
4503 8.62025E-05
4504 8.62025E-05
4505 8.62025E-05
4506 8.62025E-05
4507 8.62025E-05
4508 8.62025E-05
4509 8.62025E-05
4510 8.62025E-05
4511 8.62025E-05
4512 8.62025E-05
4513 8.62025E-05
4514 8.62025E-05
4515 8.62025E-05
4516 8.62025E-05
4517 8.62025E-05
4518 8.62025E-05
4519 8.62025E-05
4520 8.62025E-05
4521 8.62025E-05
4522 8.62025E-05
4523 8.42434E-05
4524 8.42434E-05
4525 8.42434E-05
4526 8.42434E-05
4527 8.42434E-05
4528 8.42434E-05
4529 8.42434E-05
4530 8.42434E-05
4531 8.42434E-05
4532 8.42434E-05
4533 8.42434E-05
4534 8.42434E-05
4535 8.42434E-05
4536 8.42434E-05
4537 8.42434E-05
4538 8.42434E-05
4539 8.42434E-05
4540 8.42434E-05
4541 8.42434E-05
4542 8.42434E-05
4543 8.42434E-05
4544 8.42434E-05
4545 8.42434E-05
4546 8.42434E-05
4547 8.42434E-05
4548 8.42434E-05
4549 8.42434E-05
4550 8.42434E-05
4551 8.42434E-05
4552 8.42434E-05
4553 8.42434E-05
4554 8.42434E-05
4555 8.42434E-05
4556 8.42434E-05
4557 8.42434E-05
4558 8.42434E-05
4559 8.42434E-05
4560 8.42434E-05
4561 8.42434E-05
4562 8.42434E-05
4563 8.42434E-05
4564 8.42434E-05
4565 8.42434E-05
4566 8.42434E-05
4567 8.42434E-05
4568 8.42434E-05
4569 8.42434E-05
4570 8.42434E-05
4571 8.42434E-05
4572 8.42434E-05
4573 8.42434E-05
4574 8.42434E-05
4575 8.42434E-05
4576 8.42434E-05
4577 8.42434E-05
4578 8.42434E-05
4579 8.42434E-05
4580 8.42434E-05
4581 8.22842E-05
4582 8.22842E-05
4583 8.22842E-05
4584 8.22842E-05
4585 8.22842E-05
4586 8.22842E-05
4587 8.22842E-05
4588 8.22842E-05
4589 8.22842E-05
4590 8.22842E-05
4592 8.22842E-05
4593 8.22842E-05
4594 8.22842E-05
4595 8.22842E-05
4596 8.22842E-05
4597 8.22842E-05
4598 8.22842E-05
4599 8.22842E-05
4600 8.22842E-05
4601 8.22842E-05
4603 8.22842E-05
4604 8.22842E-05
4605 8.22842E-05
4606 8.22842E-05
4607 8.22842E-05
4608 8.22842E-05
4609 8.22842E-05
4610 8.22842E-05
4611 8.22842E-05
4612 8.22842E-05
4613 8.22842E-05
4614 8.22842E-05
4615 8.22842E-05
4616 8.22842E-05
4617 8.22842E-05
4618 8.22842E-05
4619 8.22842E-05
4620 8.22842E-05
4621 8.22842E-05
4622 8.22842E-05
4623 8.22842E-05
4624 8.22842E-05
4625 8.22842E-05
4626 8.22842E-05
4627 8.22842E-05
4628 8.22842E-05
4629 8.22842E-05
4630 8.22842E-05
4631 8.22842E-05
4632 8.22842E-05
4633 8.22842E-05
4634 8.22842E-05
4635 8.22842E-05
4636 8.22842E-05
4637 8.22842E-05
4638 8.22842E-05
4639 8.03251E-05
4640 8.03251E-05
4641 8.03251E-05
4642 8.03251E-05
4644 8.03251E-05
4645 8.03251E-05
4646 8.03251E-05
4647 8.03251E-05
4648 8.03251E-05
4649 8.03251E-05
4650 8.03251E-05
4651 8.03251E-05
4652 8.03251E-05
4653 8.03251E-05
4654 8.03251E-05
4655 8.03251E-05
4656 8.03251E-05
4657 8.03251E-05
4658 8.03251E-05
4659 8.03251E-05
4660 8.03251E-05
4661 8.03251E-05
4662 8.03251E-05
4663 8.03251E-05
4664 8.03251E-05
4665 8.03251E-05
4666 8.03251E-05
4667 8.03251E-05
4668 8.03251E-05
4669 8.03251E-05
4670 8.03251E-05
4671 8.03251E-05
4672 8.03251E-05
4673 8.03251E-05
4674 8.03251E-05
4675 8.03251E-05
4676 8.03251E-05
4677 8.03251E-05
4678 8.03251E-05
4679 8.03251E-05
4680 8.03251E-05
4681 8.03251E-05
4682 8.03251E-05
4683 8.03251E-05
4684 8.03251E-05
4685 8.03251E-05
4686 8.03251E-05
4687 8.03251E-05
4688 8.03251E-05
4689 8.03251E-05
4690 8.03251E-05
4691 8.03251E-05
4692 8.03251E-05
4693 8.03251E-05
4694 8.03251E-05
4695 8.03251E-05
4696 8.03251E-05
4697 8.03251E-05
4698 8.03251E-05
4699 8.03251E-05
4700 8.03251E-05
4701 8.03251E-05
4702 8.03251E-05
4703 8.03251E-05
4704 8.03251E-05
4705 8.03251E-05
4706 8.03251E-05
4707 8.03251E-05
4708 8.03251E-05
4709 8.03251E-05
4710 7.83659E-05
4711 7.83659E-05
4712 7.83659E-05
4713 7.83659E-05
4714 7.83659E-05
4715 7.83659E-05
4716 7.83659E-05
4717 7.83659E-05
4718 7.83659E-05
4719 7.83659E-05
4720 7.83659E-05
4721 7.83659E-05
4722 7.83659E-05
4723 7.83659E-05
4724 7.83659E-05
4725 7.83659E-05
4726 7.83659E-05
4727 7.83659E-05
4728 7.83659E-05
4729 7.83659E-05
4730 7.83659E-05
4731 7.83659E-05
4732 7.83659E-05
4733 7.83659E-05
4734 7.83659E-05
4735 7.83659E-05
4736 7.83659E-05
4737 7.83659E-05
4738 7.83659E-05
4739 7.83659E-05
4740 7.83659E-05
4741 7.83659E-05
4742 7.83659E-05
4743 7.83659E-05
4744 7.83659E-05
4745 7.83659E-05
4746 7.83659E-05
4747 7.83659E-05
4748 7.83659E-05
4749 7.83659E-05
4750 7.83659E-05
4751 7.83659E-05
4752 7.83659E-05
4753 7.83659E-05
4754 7.83659E-05
4755 7.83659E-05
4756 7.83659E-05
4757 7.83659E-05
4758 7.83659E-05
4759 7.83659E-05
4760 7.83659E-05
4761 7.83659E-05
4762 7.83659E-05
4763 7.83659E-05
4764 7.83659E-05
4765 7.83659E-05
4766 7.83659E-05
4767 7.83659E-05
4768 7.64068E-05
4769 7.64068E-05
4770 7.64068E-05
4771 7.64068E-05
4772 7.64068E-05
4773 7.64068E-05
4774 7.64068E-05
4775 7.64068E-05
4776 7.64068E-05
4777 7.64068E-05
4778 7.64068E-05
4779 7.64068E-05
4780 7.64068E-05
4781 7.64068E-05
4782 7.64068E-05
4783 7.64068E-05
4784 7.64068E-05
4785 7.64068E-05
4786 7.64068E-05
4787 7.64068E-05
4788 7.64068E-05
4789 7.64068E-05
4790 7.64068E-05
4791 7.64068E-05
4792 7.64068E-05
4793 7.64068E-05
4794 7.64068E-05
4795 7.64068E-05
4796 7.64068E-05
4797 7.64068E-05
4798 7.64068E-05
4799 7.64068E-05
4800 7.64068E-05
4801 7.64068E-05
4802 7.64068E-05
4803 7.64068E-05
4804 7.64068E-05
4805 7.64068E-05
4806 7.64068E-05
4807 7.64068E-05
4808 7.64068E-05
4809 7.64068E-05
4810 7.64068E-05
4811 7.64068E-05
4812 7.64068E-05
4813 7.64068E-05
4814 7.64068E-05
4815 7.64068E-05
4817 7.64068E-05
4818 7.64068E-05
4819 7.64068E-05
4820 7.64068E-05
4821 7.44476E-05
4822 7.44476E-05
4823 7.44476E-05
4824 7.44476E-05
4825 7.44476E-05
4826 7.44476E-05
4827 7.44476E-05
4828 7.44476E-05
4829 7.44476E-05
4830 7.44476E-05
4831 7.44476E-05
4832 7.44476E-05
4833 7.44476E-05
4834 7.44476E-05
4835 7.44476E-05
4836 7.44476E-05
4837 7.44476E-05
4838 7.44476E-05
4839 7.44476E-05
4840 7.44476E-05
4841 7.44476E-05
4842 7.44476E-05
4843 7.44476E-05
4844 7.44476E-05
4845 7.44476E-05
4846 7.44476E-05
4847 7.44476E-05
4848 7.44476E-05
4849 7.44476E-05
4850 7.44476E-05
4851 7.44476E-05
4852 7.44476E-05
4853 7.44476E-05
4854 7.44476E-05
4855 7.44476E-05
4856 7.44476E-05
4857 7.44476E-05
4858 7.44476E-05
4859 7.44476E-05
4860 7.44476E-05
4861 7.44476E-05
4862 7.44476E-05
4863 7.44476E-05
4864 7.44476E-05
4865 7.24885E-05
4866 7.24885E-05
4867 7.24885E-05
4868 7.24885E-05
4869 7.24885E-05
4870 7.24885E-05
4871 7.24885E-05
4872 7.24885E-05
4873 7.24885E-05
4874 7.24885E-05
4875 7.24885E-05
4876 7.24885E-05
4877 7.24885E-05
4878 7.24885E-05
4879 7.24885E-05
4880 7.24885E-05
4881 7.24885E-05
4882 7.24885E-05
4883 7.24885E-05
4884 7.24885E-05
4885 7.24885E-05
4886 7.24885E-05
4887 7.24885E-05
4888 7.24885E-05
4889 7.24885E-05
4890 7.24885E-05
4891 7.24885E-05
4892 7.24885E-05
4893 7.24885E-05
4894 7.24885E-05
4895 7.24885E-05
4896 7.24885E-05
4897 7.24885E-05
4898 7.24885E-05
4899 7.24885E-05
4900 7.24885E-05
4901 7.24885E-05
4902 7.24885E-05
4903 7.24885E-05
4904 7.24885E-05
4905 7.24885E-05
4906 7.24885E-05
4907 7.24885E-05
4908 7.24885E-05
4909 7.24885E-05
4910 7.24885E-05
4911 7.24885E-05
4912 7.24885E-05
4913 7.24885E-05
4914 7.24885E-05
4915 7.24885E-05
4916 7.24885E-05
4917 7.24885E-05
4918 7.24885E-05
4919 7.24885E-05
4920 7.24885E-05
4921 7.24885E-05
4922 7.24885E-05
4923 7.24885E-05
4924 7.24885E-05
4925 7.05293E-05
4926 7.05293E-05
4927 7.05293E-05
4928 7.05293E-05
4929 7.05293E-05
4930 7.05293E-05
4931 7.05293E-05
4933 7.05293E-05
4934 7.05293E-05
4935 7.05293E-05
4936 7.05293E-05
4937 7.05293E-05
4938 7.05293E-05
4939 7.05293E-05
4940 7.05293E-05
4941 7.05293E-05
4942 7.05293E-05
4943 7.05293E-05
4944 7.05293E-05
4945 7.05293E-05
4946 7.05293E-05
4947 7.05293E-05
4948 7.05293E-05
4949 7.05293E-05
4950 7.05293E-05
4951 7.05293E-05
4952 7.05293E-05
4953 7.05293E-05
4954 7.05293E-05
4955 7.05293E-05
4956 7.05293E-05
4957 7.05293E-05
4958 7.05293E-05
4959 7.05293E-05
4960 7.05293E-05
4961 7.05293E-05
4962 7.05293E-05
4963 7.05293E-05
4964 7.05293E-05
4965 7.05293E-05
4966 7.05293E-05
4967 7.05293E-05
4968 7.05293E-05
4969 7.05293E-05
4970 7.05293E-05
4971 7.05293E-05
4972 6.85702E-05
4973 6.85702E-05
4974 6.85702E-05
4975 6.85702E-05
4976 6.85702E-05
4977 6.85702E-05
4978 6.85702E-05
4979 6.85702E-05
4980 6.85702E-05
4981 6.85702E-05
4982 6.85702E-05
4983 6.85702E-05
4985 6.85702E-05
4986 6.85702E-05
4987 6.85702E-05
4988 6.85702E-05
4989 6.85702E-05
4990 6.85702E-05
4991 6.85702E-05
4992 6.85702E-05
4993 6.85702E-05
4994 6.85702E-05
4995 6.85702E-05
4996 6.85702E-05
4997 6.85702E-05
4998 6.85702E-05
4999 6.85702E-05
5000 6.85702E-05
5001 6.85702E-05
5002 6.85702E-05
5003 6.85702E-05
5004 6.85702E-05
5005 6.85702E-05
5006 6.85702E-05
5007 6.85702E-05
5008 6.85702E-05
5009 6.85702E-05
5010 6.85702E-05
5011 6.85702E-05
5012 6.85702E-05
5013 6.85702E-05
5014 6.85702E-05
5015 6.85702E-05
5016 6.85702E-05
5017 6.85702E-05
5018 6.85702E-05
5019 6.85702E-05
5020 6.85702E-05
5021 6.85702E-05
5022 6.85702E-05
5023 6.85702E-05
5024 6.85702E-05
5025 6.85702E-05
5026 6.85702E-05
5027 6.85702E-05
5028 6.6611E-05
5029 6.6611E-05
5030 6.6611E-05
5031 6.6611E-05
5032 6.6611E-05
5033 6.6611E-05
5034 6.6611E-05
5035 6.6611E-05
5036 6.6611E-05
5037 6.6611E-05
5038 6.6611E-05
5039 6.6611E-05
5040 6.6611E-05
5041 6.6611E-05
5042 6.6611E-05
5043 6.6611E-05
5044 6.6611E-05
5045 6.6611E-05
5046 6.6611E-05
5047 6.6611E-05
5048 6.6611E-05
5049 6.6611E-05
5050 6.6611E-05
5051 6.6611E-05
5052 6.6611E-05
5053 6.6611E-05
5054 6.6611E-05
5055 6.6611E-05
5056 6.6611E-05
5057 6.6611E-05
5058 6.6611E-05
5059 6.6611E-05
5060 6.6611E-05
5061 6.6611E-05
5062 6.6611E-05
5063 6.6611E-05
5064 6.6611E-05
5065 6.6611E-05
5066 6.6611E-05
5067 6.6611E-05
5068 6.6611E-05
5069 6.6611E-05
5070 6.6611E-05
5071 6.6611E-05
5072 6.6611E-05
5073 6.6611E-05
5074 6.6611E-05
5075 6.6611E-05
5076 6.6611E-05
5077 6.6611E-05
5078 6.6611E-05
5079 6.6611E-05
5080 6.46519E-05
5081 6.46519E-05
5082 6.46519E-05
5083 6.46519E-05
5084 6.46519E-05
5085 6.46519E-05
5086 6.46519E-05
5088 6.46519E-05
5089 6.46519E-05
5090 6.46519E-05
5091 6.46519E-05
5092 6.46519E-05
5093 6.46519E-05
5094 6.46519E-05
5095 6.46519E-05
5096 6.46519E-05
5097 6.46519E-05
5098 6.46519E-05
5099 6.46519E-05
5100 6.46519E-05
5101 6.46519E-05
5102 6.46519E-05
5103 6.46519E-05
5104 6.46519E-05
5105 6.46519E-05
5106 6.46519E-05
5107 6.46519E-05
5108 6.46519E-05
5109 6.46519E-05
5110 6.46519E-05
5111 6.46519E-05
5112 6.46519E-05
5113 6.46519E-05
5114 6.46519E-05
5115 6.46519E-05
5116 6.46519E-05
5117 6.46519E-05
5118 6.46519E-05
5119 6.46519E-05
5120 6.46519E-05
5121 6.46519E-05
5122 6.46519E-05
5123 6.46519E-05
5124 6.46519E-05
5125 6.46519E-05
5126 6.46519E-05
5127 6.46519E-05
5128 6.46519E-05
5129 6.46519E-05
5130 6.46519E-05
5131 6.46519E-05
5132 6.46519E-05
5133 6.46519E-05
5134 6.46519E-05
5135 6.46519E-05
5136 6.46519E-05
5137 6.46519E-05
5138 6.46519E-05
5139 6.26927E-05
5140 6.26927E-05
5141 6.26927E-05
5142 6.26927E-05
5143 6.26927E-05
5144 6.26927E-05
5145 6.26927E-05
5146 6.26927E-05
5147 6.26927E-05
5148 6.26927E-05
5149 6.26927E-05
5150 6.26927E-05
5151 6.26927E-05
5152 6.26927E-05
5153 6.26927E-05
5154 6.26927E-05
5155 6.26927E-05
5156 6.26927E-05
5157 6.26927E-05
5158 6.26927E-05
5159 6.26927E-05
5160 6.26927E-05
5161 6.26927E-05
5162 6.26927E-05
5163 6.26927E-05
5164 6.26927E-05
5165 6.26927E-05
5166 6.26927E-05
5167 6.26927E-05
5168 6.26927E-05
5169 6.26927E-05
5170 6.26927E-05
5171 6.26927E-05
5172 6.26927E-05
5173 6.26927E-05
5174 6.26927E-05
5175 6.26927E-05
5176 6.26927E-05
5177 6.26927E-05
5178 6.26927E-05
5179 6.26927E-05
5180 6.26927E-05
5181 6.07336E-05
5182 6.07336E-05
5183 6.07336E-05
5185 6.07336E-05
5186 6.07336E-05
5187 6.07336E-05
5188 6.07336E-05
5189 6.07336E-05
5190 6.07336E-05
5191 6.07336E-05
5192 6.07336E-05
5193 6.07336E-05
5194 6.07336E-05
5195 6.07336E-05
5196 6.07336E-05
5197 6.07336E-05
5198 6.07336E-05
5199 6.07336E-05
5200 6.07336E-05
5201 6.07336E-05
5202 6.07336E-05
5203 6.07336E-05
5204 6.07336E-05
5205 6.07336E-05
5206 6.07336E-05
5207 6.07336E-05
5208 6.07336E-05
5209 6.07336E-05
5210 6.07336E-05
5211 6.07336E-05
5212 6.07336E-05
5213 6.07336E-05
5214 6.07336E-05
5215 6.07336E-05
5216 6.07336E-05
5217 6.07336E-05
5218 5.87744E-05
5219 5.87744E-05
5220 5.87744E-05
5221 5.87744E-05
5222 5.87744E-05
5223 5.87744E-05
5224 5.87744E-05
5225 5.87744E-05
5226 5.87744E-05
5227 5.87744E-05
5228 5.87744E-05
5229 5.87744E-05
5230 5.87744E-05
5231 5.87744E-05
5232 5.87744E-05
5233 5.87744E-05
5234 5.87744E-05
5235 5.87744E-05
5236 5.87744E-05
5237 5.87744E-05
5238 5.87744E-05
5239 5.87744E-05
5240 5.87744E-05
5241 5.87744E-05
5242 5.87744E-05
5243 5.87744E-05
5244 5.87744E-05
5245 5.87744E-05
5246 5.87744E-05
5247 5.87744E-05
5248 5.87744E-05
5249 5.87744E-05
5250 5.87744E-05
5251 5.87744E-05
5252 5.87744E-05
5253 5.87744E-05
5254 5.87744E-05
5255 5.87744E-05
5256 5.87744E-05
5257 5.87744E-05
5258 5.87744E-05
5259 5.87744E-05
5260 5.68153E-05
5261 5.68153E-05
5263 5.68153E-05
5264 5.68153E-05
5265 5.68153E-05
5266 5.68153E-05
5267 5.68153E-05
5268 5.68153E-05
5269 5.68153E-05
5270 5.68153E-05
5271 5.68153E-05
5272 5.68153E-05
5273 5.68153E-05
5274 5.68153E-05
5275 5.68153E-05
5276 5.68153E-05
5277 5.68153E-05
5278 5.68153E-05
5279 5.68153E-05
5280 5.68153E-05
5281 5.68153E-05
5282 5.68153E-05
5283 5.68153E-05
5284 5.68153E-05
5285 5.68153E-05
5286 5.68153E-05
5287 5.68153E-05
5288 5.68153E-05
5289 5.68153E-05
5290 5.68153E-05
5291 5.68153E-05
5292 5.68153E-05
5293 5.68153E-05
5294 5.68153E-05
5295 5.68153E-05
5296 5.48561E-05
5297 5.48561E-05
5298 5.48561E-05
5299 5.48561E-05
5300 5.48561E-05
5301 5.48561E-05
5302 5.48561E-05
5303 5.48561E-05
5305 5.48561E-05
5306 5.48561E-05
5307 5.48561E-05
5308 5.48561E-05
5309 5.48561E-05
5310 5.48561E-05
5311 5.48561E-05
5312 5.48561E-05
5313 5.48561E-05
5314 5.48561E-05
5315 5.48561E-05
5316 5.48561E-05
5317 5.48561E-05
5318 5.48561E-05
5319 5.48561E-05
5320 5.48561E-05
5321 5.48561E-05
5322 5.48561E-05
5323 5.48561E-05
5324 5.48561E-05
5325 5.48561E-05
5326 5.48561E-05
5327 5.48561E-05
5328 5.48561E-05
5329 5.48561E-05
5330 5.48561E-05
5331 5.48561E-05
5332 5.48561E-05
5333 5.48561E-05
5334 5.48561E-05
5335 5.48561E-05
5336 5.48561E-05
5337 5.48561E-05
5338 5.48561E-05
5339 5.48561E-05
5340 5.2897E-05
5341 5.2897E-05
5342 5.2897E-05
5343 5.2897E-05
5344 5.2897E-05
5345 5.2897E-05
5346 5.2897E-05
5347 5.2897E-05
5348 5.2897E-05
5349 5.2897E-05
5350 5.2897E-05
5351 5.2897E-05
5352 5.2897E-05
5353 5.2897E-05
5354 5.2897E-05
5355 5.2897E-05
5356 5.2897E-05
5357 5.09378E-05
5358 5.09378E-05
5359 5.09378E-05
5360 5.09378E-05
5361 5.09378E-05
5362 5.09378E-05
5363 5.09378E-05
5364 5.09378E-05
5365 5.09378E-05
5366 5.09378E-05
5367 5.09378E-05
5369 5.09378E-05
5370 5.09378E-05
5371 5.09378E-05
5372 5.09378E-05
5373 5.09378E-05
5374 5.09378E-05
5375 5.09378E-05
5376 5.09378E-05
5377 5.09378E-05
5378 5.09378E-05
5379 5.09378E-05
5380 5.09378E-05
5381 5.09378E-05
5382 5.09378E-05
5383 5.09378E-05
5384 5.09378E-05
5385 5.09378E-05
5386 5.09378E-05
5387 5.09378E-05
5388 5.09378E-05
5389 5.09378E-05
5390 5.09378E-05
5391 5.09378E-05
5392 4.89787E-05
5393 4.89787E-05
5394 4.89787E-05
5395 4.89787E-05
5396 4.89787E-05
5397 4.89787E-05
5398 4.89787E-05
5399 4.89787E-05
5400 4.89787E-05
5401 4.89787E-05
5402 4.89787E-05
5403 4.89787E-05
5404 4.89787E-05
5405 4.89787E-05
5406 4.89787E-05
5407 4.89787E-05
5408 4.89787E-05
5409 4.89787E-05
5410 4.89787E-05
5411 4.89787E-05
5412 4.89787E-05
5413 4.89787E-05
5414 4.89787E-05
5415 4.89787E-05
5416 4.89787E-05
5417 4.89787E-05
5418 4.89787E-05
5419 4.89787E-05
5420 4.89787E-05
5421 4.89787E-05
5422 4.89787E-05
5423 4.70196E-05
5424 4.70196E-05
5425 4.70196E-05
5426 4.70196E-05
5428 4.70196E-05
5429 4.70196E-05
5430 4.70196E-05
5431 4.70196E-05
5432 4.70196E-05
5433 4.70196E-05
5434 4.70196E-05
5435 4.70196E-05
5436 4.70196E-05
5437 4.70196E-05
5438 4.70196E-05
5439 4.70196E-05
5440 4.70196E-05
5441 4.70196E-05
5442 4.70196E-05
5443 4.50604E-05
5444 4.50604E-05
5445 4.50604E-05
5446 4.50604E-05
5447 4.50604E-05
5448 4.50604E-05
5449 4.50604E-05
5450 4.50604E-05
5451 4.50604E-05
5452 4.50604E-05
5453 4.50604E-05
5454 4.50604E-05
5455 4.50604E-05
5456 4.50604E-05
5457 4.50604E-05
5458 4.50604E-05
5459 4.50604E-05
5460 4.50604E-05
5461 4.50604E-05
5462 4.50604E-05
5463 4.31013E-05
5464 4.31013E-05
5465 4.31013E-05
5466 4.31013E-05
5467 4.31013E-05
5468 4.31013E-05
5469 4.31013E-05
5470 4.31013E-05
5471 4.31013E-05
5472 4.31013E-05
5473 4.31013E-05
5474 4.31013E-05
5475 4.31013E-05
5476 4.31013E-05
5477 4.31013E-05
5478 4.31013E-05
5479 4.31013E-05
5480 4.11421E-05
5481 4.11421E-05
5482 4.11421E-05
5483 4.11421E-05
5484 4.11421E-05
5485 4.11421E-05
5486 4.11421E-05
5487 4.11421E-05
5488 4.11421E-05
5489 4.11421E-05
5490 4.11421E-05
5491 4.11421E-05
5492 4.11421E-05
5493 4.11421E-05
5494 4.11421E-05
5496 3.9183E-05
5497 3.9183E-05
5498 3.9183E-05
5499 3.9183E-05
5500 3.9183E-05
5501 3.9183E-05
5502 3.9183E-05
5503 3.9183E-05
5504 3.9183E-05
5505 3.9183E-05
5506 3.9183E-05
5507 3.9183E-05
5508 3.9183E-05
5509 3.72238E-05
5510 3.72238E-05
5511 3.72238E-05
5512 3.72238E-05
5513 3.72238E-05
5514 3.72238E-05
5515 3.72238E-05
5516 3.72238E-05
5517 3.52647E-05
5518 3.52647E-05
5519 3.52647E-05
5520 3.52647E-05
5521 3.52647E-05
5522 3.52647E-05
5523 3.52647E-05
5524 3.33055E-05
5525 3.33055E-05
5526 3.33055E-05
5527 3.33055E-05
5528 3.33055E-05
5529 3.33055E-05
5530 3.13464E-05
5531 3.13464E-05
5532 3.13464E-05
5533 3.13464E-05
5534 3.13464E-05
5535 3.13464E-05
5536 3.13464E-05
5537 2.93872E-05
5538 2.93872E-05
5540 2.93872E-05
5541 2.93872E-05
5542 2.93872E-05
5543 2.93872E-05
5544 2.93872E-05
5545 2.93872E-05
5546 2.93872E-05
5547 2.93872E-05
5548 2.74281E-05
5549 2.74281E-05
5550 2.74281E-05
5551 2.54689E-05
5552 2.54689E-05
5553 2.54689E-05
5554 2.54689E-05
5555 2.35098E-05
5556 1.95915E-05
5557 1.95915E-05
