# {'G_min': 1.3646955121830435, 'chi2r': 1.4602938979934115, 'S': 2.9659285199146113, 'w_tot': 1.0, 'theta': 0.16, 'minimizer': 'MH', 'runtime': '0:13:04', 'it_Gmin': 299900, 'G_good': 1.3660585425953022, 'it_good': 170800, 'saveDirPath': 'results'}
5.566112e-03
4.326574e-06
7.352001e-03
3.046883e-03
7.405240e-05
3.462103e-03
7.757766e-07
2.873857e-05
7.431587e-07
9.978168e-07
2.339831e-04
3.764993e-04
1.290746e-04
1.224456e-02
8.523773e-05
5.787550e-06
4.512378e-03
5.021450e-04
1.971867e-03
1.545991e-03
4.654314e-07
5.666844e-07
1.707215e-06
9.179393e-04
2.344994e-03
1.121768e-03
3.120123e-07
1.121097e-04
4.861246e-06
2.811383e-07
1.773009e-05
2.163826e-03
4.046321e-04
3.685513e-05
2.856544e-04
1.455360e-03
1.605802e-06
1.617765e-04
1.858073e-07
1.664823e-05
1.406731e-06
1.052612e-03
1.083738e-06
1.770084e-03
3.313822e-05
4.068388e-04
3.864630e-04
3.242455e-06
5.733017e-04
3.912986e-05
3.100021e-03
4.374071e-05
9.154278e-07
2.623685e-04
3.944007e-06
2.584558e-04
1.306472e-06
1.427810e-05
1.818212e-03
1.079867e-06
3.663653e-05
1.812775e-04
2.421555e-03
5.263552e-03
1.683077e-03
1.195533e-03
5.131654e-05
1.085795e-04
7.161546e-04
2.981171e-04
1.804537e-05
1.554675e-06
1.606893e-04
7.300818e-07
1.267737e-06
2.291636e-06
2.220388e-05
1.699768e-04
6.329702e-05
3.172212e-04
6.648045e-07
1.059194e-06
2.519861e-07
2.942563e-05
2.200998e-05
2.987298e-06
5.128057e-03
5.437025e-04
2.172368e-04
1.994091e-06
3.873227e-03
4.643371e-05
4.767632e-07
3.008677e-05
8.356053e-04
2.811122e-07
9.720254e-07
1.397361e-03
5.242993e-04
6.660518e-04
3.882459e-04
1.366385e-03
3.118173e-06
2.256293e-07
2.665587e-05
5.712907e-07
3.615660e-04
4.982954e-03
1.538208e-06
1.156088e-04
5.049984e-07
1.578247e-03
1.241910e-05
1.213682e-03
8.715903e-05
2.310115e-05
6.078881e-07
4.111781e-07
2.059316e-05
1.082894e-04
7.711871e-07
5.666815e-06
2.416798e-05
8.350060e-06
1.320135e-05
2.160675e-03
5.040588e-05
7.946378e-07
2.124535e-04
4.061358e-05
1.965778e-05
2.695800e-04
1.289795e-05
5.132628e-07
6.492807e-05
6.228522e-07
2.149752e-05
4.182236e-07
3.506533e-05
1.503239e-05
1.194124e-02
1.044580e-05
7.579873e-05
1.918759e-06
1.880726e-05
1.897391e-05
7.057715e-05
5.571159e-07
8.540268e-04
1.303547e-02
8.684788e-05
1.972733e-05
9.116731e-07
2.848860e-06
2.006923e-03
1.100086e-06
3.130015e-05
1.520928e-03
6.842572e-05
4.774136e-05
1.029974e-04
1.073938e-05
1.619163e-06
1.506009e-05
1.828253e-04
4.936606e-05
1.154390e-05
2.204237e-06
5.628469e-05
1.332896e-05
1.546059e-06
1.515998e-05
1.932751e-05
1.351259e-06
7.673718e-06
2.092726e-06
7.973333e-05
1.740047e-03
1.503775e-06
2.253717e-05
2.262316e-04
4.386311e-06
9.734097e-07
3.826240e-06
2.893184e-04
2.029985e-06
5.412345e-07
2.052820e-06
3.595342e-06
1.872726e-06
1.695147e-02
3.549637e-06
9.786421e-07
2.079431e-03
8.946313e-07
5.988522e-06
1.681733e-05
1.214927e-03
2.997746e-05
4.008775e-07
8.285066e-06
1.786953e-05
1.878610e-07
8.819227e-07
6.915794e-07
1.894013e-06
1.569113e-06
4.860500e-06
7.934363e-07
7.596463e-05
9.263740e-07
1.427415e-04
4.421370e-05
4.890769e-04
3.647095e-06
3.057099e-04
1.081992e-06
1.816287e-05
1.272013e-05
8.248946e-07
1.099579e-06
8.214258e-06
5.258209e-05
2.894797e-05
1.265978e-06
2.725857e-07
1.308657e-06
3.645765e-07
8.022860e-05
6.639472e-05
7.076197e-05
3.174093e-06
1.863089e-04
3.918020e-07
7.442159e-07
4.156160e-05
1.067740e-04
9.088611e-06
3.834298e-07
1.432282e-07
1.750267e-06
1.598251e-05
3.230048e-06
1.131548e-06
5.230499e-07
7.830135e-05
4.814037e-03
8.659643e-07
6.759275e-05
9.978283e-05
9.134698e-06
5.390181e-07
1.435131e-04
3.938491e-05
2.723190e-06
3.962349e-07
2.358602e-06
1.282336e-06
7.244950e-07
6.993099e-07
4.640819e-06
1.375262e-05
1.976916e-06
1.757107e-05
5.793097e-06
1.589293e-05
2.250042e-07
3.037629e-06
7.140406e-06
5.423191e-07
5.650826e-05
1.742089e-05
3.463254e-07
2.736780e-04
1.933749e-04
1.125306e-06
5.465100e-06
6.393970e-07
2.244361e-05
8.885500e-06
1.628464e-06
5.034989e-05
8.225818e-04
8.886851e-07
3.103337e-07
8.025526e-07
4.393658e-07
2.079199e-06
1.308831e-06
9.645126e-05
4.124661e-06
6.918935e-06
7.599373e-07
1.014541e-04
3.645825e-06
4.624323e-06
1.249802e-05
4.564480e-07
3.704130e-06
3.731353e-06
1.405724e-05
1.081436e-05
5.303094e-06
4.799865e-07
2.431049e-06
9.751415e-07
2.522480e-05
7.787861e-07
6.566563e-05
4.506147e-07
1.183890e-04
1.376517e-05
3.991542e-04
2.976912e-04
9.440728e-07
1.528332e-05
2.320210e-03
6.205640e-06
9.530488e-07
5.535811e-05
3.858710e-03
1.704855e-04
1.296148e-05
9.394807e-04
1.122416e-06
2.420655e-05
7.183588e-07
1.031525e-06
9.966427e-04
1.652614e-07
1.992539e-05
3.375513e-07
5.184249e-07
3.096920e-07
4.934835e-03
9.421144e-07
2.174186e-05
5.101552e-06
3.235651e-06
2.273461e-07
8.138874e-07
1.493365e-06
4.095220e-07
1.653994e-06
1.349484e-04
3.421562e-06
3.523958e-06
1.257801e-05
1.867152e-07
7.561087e-07
1.983726e-06
4.228330e-04
2.454920e-05
1.299634e-07
2.698462e-06
1.845659e-06
2.377569e-06
1.762277e-06
2.872584e-05
1.468812e-05
3.170873e-03
5.219893e-07
2.346385e-06
2.573949e-07
2.299501e-05
3.668852e-05
6.502353e-04
7.973903e-06
1.903175e-06
2.272831e-04
2.007473e-06
5.541652e-07
4.996811e-04
3.751192e-06
3.310871e-06
5.687735e-04
2.190988e-05
5.591137e-05
2.913545e-07
3.584221e-04
5.974934e-06
7.097457e-04
8.300691e-06
4.674833e-05
1.663679e-05
7.531847e-05
5.577810e-07
5.160298e-03
6.378292e-04
1.249676e-03
2.579436e-05
1.402954e-06
5.339517e-05
8.460479e-07
6.475032e-07
3.936023e-07
1.381029e-05
1.360113e-04
1.274073e-05
1.922517e-05
8.199539e-07
6.612200e-05
1.440314e-06
3.828147e-04
4.936342e-05
1.049565e-04
1.196829e-06
6.140660e-06
7.841381e-07
5.543269e-06
4.951806e-07
2.608917e-06
2.774452e-05
3.460025e-06
3.014378e-05
4.686884e-07
4.149918e-07
5.567017e-07
4.080936e-07
3.468161e-03
2.821593e-06
1.473897e-06
2.174640e-03
2.496956e-05
1.831852e-05
4.265395e-03
3.967627e-04
5.224322e-07
1.986562e-06
1.786717e-06
1.008706e-06
8.471015e-06
2.656454e-04
9.206941e-07
8.515441e-06
4.072658e-06
4.577750e-06
5.945347e-07
7.290415e-07
4.443815e-07
6.688739e-06
4.616173e-04
1.473450e-04
4.797901e-05
1.510387e-03
2.601939e-07
7.910708e-07
9.220151e-07
2.430174e-06
4.637553e-04
1.403510e-04
1.263816e-05
1.229338e-06
2.153199e-06
2.917562e-07
5.981327e-06
5.453798e-07
8.229080e-05
1.089522e-04
4.715213e-04
7.041979e-05
1.283196e-06
8.754350e-07
3.442872e-07
1.409842e-04
2.662205e-05
4.122874e-06
4.321110e-07
4.498609e-07
5.680811e-07
9.218380e-07
6.936921e-05
1.795010e-04
2.398242e-05
6.991298e-07
4.581421e-07
5.704920e-07
3.744549e-04
1.892132e-06
2.624215e-04
1.523187e-06
7.924056e-06
3.468193e-06
5.167112e-03
5.716656e-07
1.534715e-06
1.258937e-05
8.671742e-07
6.156859e-07
1.491331e-06
4.373235e-07
5.564108e-06
2.674287e-03
2.799278e-05
4.063225e-05
6.113545e-05
5.629845e-03
1.274765e-03
1.611731e-06
4.619720e-06
1.277583e-03
1.142125e-06
6.783386e-04
1.078890e-05
1.691831e-05
4.947831e-07
2.395128e-07
9.881049e-05
9.916358e-06
1.466858e-05
6.256768e-03
1.287897e-04
1.496115e-05
9.115955e-07
1.003370e-04
9.620595e-05
2.346191e-06
7.490461e-07
3.294399e-06
9.680055e-07
5.070534e-07
2.221542e-05
1.187402e-06
6.449958e-07
2.449257e-05
2.854137e-06
1.646166e-05
2.290913e-04
5.620931e-07
4.559110e-06
6.065592e-02
2.260880e-07
6.521585e-07
9.351948e-07
3.794983e-07
1.512096e-06
1.110916e-04
5.796910e-07
4.007810e-04
6.898675e-04
2.566367e-07
3.810212e-06
2.275493e-05
2.811922e-06
2.087203e-05
1.929243e-05
4.666719e-05
3.212523e-04
2.734340e-07
1.700349e-07
9.101687e-06
3.384137e-05
3.889110e-07
3.178960e-05
3.512187e-05
4.481504e-07
5.326413e-07
3.731191e-05
1.781621e-04
9.784134e-07
1.398187e-04
1.877290e-04
1.893112e-04
1.804772e-04
6.193177e-06
6.910987e-07
1.079583e-06
4.906206e-07
2.647223e-05
5.021123e-05
9.838593e-03
6.095570e-04
2.988348e-06
3.584487e-07
7.853230e-06
4.156507e-06
5.842439e-05
5.441780e-05
5.211070e-05
1.880300e-05
5.760526e-07
1.187120e-05
1.824001e-05
6.676039e-04
3.289817e-03
5.235392e-07
3.016756e-05
5.068446e-07
5.542649e-05
1.402845e-05
8.041097e-05
4.848461e-05
9.629734e-04
1.821896e-05
1.105380e-06
1.351691e-05
6.116808e-07
2.787584e-04
3.010165e-05
4.293839e-07
1.413884e-06
5.812108e-06
2.998960e-06
2.701644e-06
6.138049e-07
9.799368e-05
2.717916e-06
2.522293e-06
7.474590e-04
2.326357e-03
8.831024e-07
3.434662e-07
2.883457e-07
1.477858e-04
1.063334e-06
2.254512e-05
3.471175e-06
1.622769e-06
1.777995e-06
1.190808e-06
5.689587e-07
2.662099e-05
1.486534e-05
9.906002e-04
7.547001e-05
3.359804e-05
4.308588e-06
9.951243e-07
4.318580e-05
2.969582e-05
2.308485e-05
2.818308e-07
2.790278e-04
6.154483e-06
1.569949e-06
1.431605e-06
1.366087e-06
5.282377e-05
2.544439e-04
1.158888e-06
2.505984e-05
9.624438e-04
3.983205e-04
7.101153e-07
1.842132e-06
1.780028e-04
2.367909e-05
1.121691e-06
4.320768e-06
6.527115e-04
4.027747e-07
2.384409e-07
9.153216e-07
2.164603e-05
3.276448e-04
4.230952e-07
2.754271e-06
1.260260e-04
1.234251e-06
1.988765e-06
1.299673e-05
1.122032e-06
2.887302e-03
3.876542e-07
8.635902e-05
3.894108e-05
6.128724e-07
7.858790e-06
1.301836e-05
5.489019e-05
7.034146e-05
1.339390e-07
3.742894e-06
9.047845e-06
1.133944e-06
4.061752e-07
6.993429e-07
7.923284e-07
9.369354e-06
3.162280e-04
9.721804e-04
8.263327e-07
1.215475e-06
9.153736e-06
3.462929e-06
9.641680e-06
6.427838e-06
4.561088e-07
1.303732e-06
7.230159e-06
5.994856e-07
1.422368e-04
1.726311e-05
1.867606e-05
7.165294e-03
7.074752e-06
2.623532e-05
2.431407e-04
4.928820e-05
5.440450e-07
1.337827e-05
2.527391e-07
2.078117e-07
1.129358e-06
9.938645e-07
6.432984e-07
2.429673e-04
1.272170e-05
3.614221e-07
4.742041e-05
6.993307e-07
4.219821e-05
7.316823e-07
1.779061e-05
2.134290e-05
4.942647e-05
1.300278e-05
4.869385e-07
5.724596e-07
2.349573e-05
4.752862e-04
6.933313e-07
8.875724e-07
3.687220e-04
9.348230e-05
7.473120e-06
6.443866e-05
3.833043e-07
4.302278e-07
2.184399e-04
2.343329e-05
3.216193e-07
5.121118e-06
9.334191e-06
3.185089e-07
3.717905e-04
8.746031e-07
1.200548e-06
2.581860e-06
6.821514e-07
1.170209e-05
2.836679e-07
7.300806e-06
2.690800e-06
1.424704e-03
6.870332e-07
3.483193e-07
3.351605e-07
1.484915e-06
1.100208e-06
4.609131e-06
3.630985e-07
3.026416e-07
4.410261e-04
7.538868e-06
2.735834e-06
5.806681e-07
2.700486e-06
1.775476e-06
5.435178e-05
2.212670e-06
7.688509e-07
1.844199e-04
2.571493e-03
2.004171e-05
1.701429e-05
5.156540e-06
1.321374e-03
2.283987e-07
4.893115e-07
2.758931e-06
1.186097e-05
2.866961e-04
2.963849e-06
6.528712e-06
9.344940e-07
5.462433e-06
5.342960e-07
5.421034e-04
5.347785e-04
4.072510e-07
7.360923e-07
2.348110e-04
1.985982e-03
3.544842e-02
1.219876e-06
4.099621e-06
2.897210e-07
1.261307e-04
4.935271e-06
4.916432e-04
1.761790e-06
1.352863e-06
5.809720e-05
6.773974e-07
3.323292e-07
2.377758e-06
1.873913e-04
3.656987e-04
7.383649e-07
4.691808e-07
4.710469e-05
1.013665e-04
1.576159e-05
5.930323e-07
8.021502e-07
5.671484e-07
1.063140e-05
2.296112e-06
8.368324e-04
1.554821e-04
1.316398e-07
2.293642e-05
1.343575e-04
1.009444e-05
7.543756e-06
1.488929e-06
4.752059e-06
5.474423e-06
1.621321e-05
1.810274e-06
6.609900e-07
4.445515e-07
1.143748e-03
6.510451e-04
3.689329e-05
1.045362e-05
8.913399e-04
3.267263e-05
2.185247e-06
4.134316e-06
7.055186e-06
2.403409e-06
4.324685e-04
2.351335e-06
4.298078e-07
8.838304e-06
2.222556e-05
2.562420e-07
1.279008e-05
1.836112e-05
3.727476e-07
1.462562e-06
5.830935e-07
5.698599e-05
9.725868e-07
2.232716e-07
1.963831e-07
4.259120e-07
4.334070e-06
1.000499e-06
1.243279e-05
2.484486e-07
1.367181e-06
1.036280e-03
8.244990e-05
9.533133e-05
5.765843e-07
2.426901e-04
1.525007e-04
7.081349e-05
6.154945e-07
7.461819e-07
6.323659e-06
8.042509e-06
3.491234e-07
6.899044e-07
2.327157e-07
2.682205e-03
1.911647e-04
3.359906e-05
3.857920e-05
3.391613e-07
4.353235e-07
7.496575e-07
3.129005e-07
2.802792e-07
1.872741e-05
1.419240e-05
3.054463e-05
2.963793e-07
3.498432e-04
7.572364e-05
5.104369e-04
5.715241e-06
1.347345e-06
9.061888e-04
1.469776e-06
1.702037e-04
1.602118e-06
6.006604e-06
5.898901e-07
2.768622e-05
4.742146e-05
3.984356e-07
4.989219e-04
1.686247e-05
1.941774e-07
2.150917e-06
4.603578e-04
1.376207e-07
5.649175e-07
1.657898e-06
2.328457e-06
1.056942e-04
5.721449e-07
2.142934e-05
2.168322e-05
2.311734e-07
4.919110e-05
4.942099e-07
9.086460e-07
1.820840e-06
6.538766e-06
3.262287e-05
2.067298e-06
1.001407e-04
5.563997e-07
3.267178e-07
2.673318e-05
7.497353e-06
3.981979e-07
1.963252e-07
1.817738e-05
1.620710e-05
1.025950e-06
2.338308e-05
5.508872e-06
1.775499e-06
1.474253e-06
1.616182e-05
6.993690e-07
9.413119e-07
3.725775e-05
2.827383e-05
7.376136e-05
3.845196e-03
8.122782e-05
2.017123e-06
3.445980e-05
8.689798e-07
1.846440e-05
2.368423e-06
1.879241e-05
1.035115e-05
9.592897e-03
1.720826e-07
1.681770e-05
1.483170e-04
4.364547e-05
4.854278e-06
4.559262e-05
3.222406e-04
9.846392e-05
4.157114e-07
4.373039e-04
1.602949e-06
5.351925e-07
5.065576e-07
2.722622e-05
7.037431e-05
1.921097e-05
1.723053e-03
3.634447e-05
7.498361e-05
4.652786e-07
9.701705e-04
2.695543e-07
4.951537e-07
8.860937e-07
1.368984e-05
5.881962e-05
7.162733e-07
5.950584e-07
5.591405e-06
4.820721e-07
2.380205e-04
1.652842e-06
6.092415e-06
3.020741e-07
1.270800e-06
3.534729e-07
9.269339e-06
3.227107e-06
2.677338e-04
7.561946e-07
1.573576e-06
1.057811e-04
6.152662e-07
2.689883e-06
1.577152e-05
4.309665e-05
8.847128e-07
2.698025e-07
5.071345e-05
3.335550e-04
1.710530e-05
4.975350e-06
2.066226e-04
2.975773e-05
3.634567e-05
2.881829e-04
3.175744e-07
3.003073e-04
3.006590e-06
4.595626e-06
1.392395e-06
8.376635e-07
9.471654e-06
1.327329e-03
1.319800e-04
9.408898e-05
1.466368e-04
1.315255e-06
2.578690e-06
3.296160e-07
3.835237e-07
1.596216e-04
1.118468e-05
3.143249e-07
1.417053e-04
4.670901e-06
8.384401e-07
3.011142e-07
2.293744e-07
6.537733e-07
3.012603e-07
1.147314e-05
1.719994e-07
6.680838e-05
1.454623e-06
1.189239e-05
7.253766e-07
9.998013e-06
6.789662e-04
1.629150e-05
4.262613e-05
4.209692e-05
9.912127e-06
2.639714e-07
1.808836e-06
1.394023e-05
2.501387e-05
5.522340e-07
4.811925e-07
2.589053e-05
8.479132e-05
1.215439e-06
1.226575e-06
5.262208e-05
1.170034e-05
2.676907e-04
4.404861e-06
9.875732e-06
1.346389e-04
4.364473e-05
2.914707e-04
1.950159e-07
2.508407e-04
2.255354e-07
1.063402e-06
2.934490e-06
2.434890e-05
1.924546e-06
2.818893e-06
2.688101e-02
1.265661e-06
2.159221e-05
7.748559e-05
2.083717e-06
1.168748e-07
1.126938e-04
7.063374e-07
1.336277e-05
2.096417e-05
5.621796e-07
8.160796e-07
4.305500e-07
4.167594e-07
1.753076e-04
4.757283e-08
2.463106e-07
6.403788e-06
2.462214e-06
1.100616e-04
1.361216e-06
2.931528e-03
1.127724e-06
2.182848e-06
3.369749e-07
1.843908e-06
1.845118e-07
2.232486e-06
7.629132e-07
2.529502e-04
4.552586e-05
2.860903e-07
6.180334e-05
9.635486e-05
4.659497e-07
1.653233e-05
1.533289e-05
2.764669e-05
5.224646e-06
5.990450e-07
1.133788e-05
5.020068e-06
4.819003e-06
1.547017e-04
9.992476e-07
5.240123e-07
2.245554e-06
1.194322e-06
1.018710e-06
2.449635e-07
9.250124e-07
5.621516e-07
7.645193e-05
6.449583e-07
6.532682e-07
6.252266e-07
3.919397e-07
1.239547e-06
1.352229e-04
1.655024e-05
1.405663e-05
4.985082e-04
2.000626e-06
3.220635e-06
6.944341e-05
1.624261e-06
1.408625e-06
7.363473e-07
1.764188e-06
1.540845e-06
3.514228e-05
2.099984e-07
5.697260e-06
9.587326e-05
8.609682e-04
3.403515e-04
1.644847e-05
3.326286e-05
3.133227e-07
7.694967e-07
4.625842e-07
2.944231e-07
4.819913e-07
3.375886e-05
2.843387e-07
2.007608e-05
4.999317e-07
7.120506e-07
6.212769e-07
1.813105e-05
2.883032e-06
8.956653e-05
3.345441e-06
2.180421e-04
5.572978e-05
7.170521e-05
7.893990e-07
3.758166e-06
1.403371e-04
4.153348e-06
3.718031e-05
5.449800e-07
6.607475e-07
6.082300e-06
5.293479e-07
2.857005e-06
2.401708e-07
4.995334e-07
9.023533e-07
3.751676e-06
1.529083e-03
1.440914e-03
2.969401e-07
8.461453e-06
6.413325e-07
5.173928e-07
8.461620e-07
4.455421e-07
9.041776e-07
6.142074e-06
1.613783e-07
9.609139e-05
1.648205e-05
6.574328e-05
4.971671e-05
6.880888e-07
6.525581e-05
4.197189e-05
1.019689e-04
8.981699e-07
2.085149e-04
7.320563e-07
1.834082e-05
3.584390e-07
8.322781e-07
1.006967e-06
3.829736e-07
7.834960e-07
6.634555e-05
6.701364e-06
2.236095e-06
1.367260e-07
9.960887e-06
8.643502e-06
6.962759e-06
8.697864e-05
9.922383e-05
6.573643e-05
6.403507e-04
1.004946e-06
1.648161e-05
1.999194e-06
3.333448e-05
1.042018e-05
1.284804e-06
8.377312e-05
3.147656e-05
3.527424e-07
8.014731e-07
1.970003e-07
1.962138e-04
1.526704e-05
6.325865e-07
2.859728e-07
2.582075e-05
4.020097e-07
3.783462e-07
5.076807e-07
1.412897e-05
1.420115e-05
3.062809e-05
1.723554e-06
1.550338e-03
1.442617e-05
1.974051e-06
6.492006e-07
8.140621e-07
1.003460e-04
5.903129e-04
5.601887e-04
1.356178e-03
2.424941e-06
6.532020e-07
7.489528e-07
2.106676e-06
1.007326e-06
4.309105e-06
4.910131e-07
4.095778e-07
5.239071e-07
2.312079e-07
3.619606e-05
9.786093e-06
3.091305e-05
2.415259e-03
1.368026e-07
5.105358e-07
1.076593e-06
3.293166e-06
9.417342e-07
2.316171e-05
4.245662e-04
2.237631e-03
6.150898e-06
4.855009e-05
5.453760e-07
3.850944e-07
5.488185e-03
6.461405e-04
3.168631e-05
7.813655e-05
2.369302e-04
7.181940e-06
2.173261e-05
2.213150e-04
2.618249e-04
4.338006e-07
6.854165e-05
7.290034e-06
6.495106e-06
1.993506e-04
7.186847e-06
1.643267e-04
3.094540e-06
8.125300e-05
5.692581e-06
7.912581e-05
2.529200e-07
7.482506e-05
9.145583e-06
3.322360e-06
4.813714e-07
3.232870e-05
2.833640e-04
2.576688e-07
1.008303e-06
1.287615e-06
5.525315e-06
7.558376e-06
4.835907e-07
5.812619e-06
2.311099e-06
1.759363e-05
2.881455e-06
5.736359e-04
7.437487e-07
7.965100e-05
8.066200e-07
2.254648e-05
1.363164e-05
1.414273e-05
2.633498e-07
3.148289e-07
3.029331e-07
3.608523e-04
1.170432e-05
2.602505e-04
2.428531e-05
1.591096e-06
2.178337e-05
1.605055e-05
2.122745e-07
9.705828e-05
3.674826e-06
1.721000e-06
2.010380e-06
2.768082e-06
1.371885e-06
6.461993e-07
6.257741e-07
3.923286e-06
5.536232e-06
1.833680e-04
4.610311e-04
3.476131e-03
2.667415e-06
2.288018e-05
4.222654e-05
9.495814e-06
1.463368e-05
7.313839e-07
7.822496e-06
2.015012e-05
1.486002e-04
7.327585e-05
4.142405e-05
3.273389e-03
7.724368e-06
4.337674e-06
2.165964e-06
2.143729e-05
1.070217e-06
1.061211e-06
5.588734e-07
1.154567e-06
8.278647e-07
1.344541e-06
2.762979e-05
1.627674e-05
7.471590e-07
2.834093e-07
3.470167e-07
2.000817e-06
5.394612e-07
3.174046e-06
1.461753e-04
1.268693e-05
6.587694e-07
6.689982e-07
7.085926e-07
4.059130e-05
1.163196e-05
1.431507e-05
8.843874e-06
1.975578e-06
6.776733e-07
4.836299e-06
9.328660e-07
2.251898e-06
7.624237e-06
1.177528e-06
2.277683e-06
1.179427e-04
5.596141e-06
3.321576e-07
2.758489e-07
6.073962e-07
3.480175e-07
1.836814e-06
5.132401e-05
8.488025e-07
5.312786e-04
1.035325e-06
4.990356e-05
9.940205e-07
1.328907e-06
4.917616e-07
3.641104e-07
2.430204e-04
5.232515e-05
5.706963e-04
9.048309e-07
1.997364e-06
1.254257e-06
3.094966e-07
4.015106e-07
2.408652e-06
5.794330e-07
8.058183e-05
1.732939e-06
1.082666e-04
5.767806e-06
4.787030e-07
9.137848e-06
2.808910e-06
5.843118e-07
3.662279e-06
1.704152e-05
8.262401e-06
1.334752e-04
9.395947e-06
9.141727e-07
6.747659e-07
4.049176e-06
1.086125e-06
4.354591e-07
3.734259e-04
6.662465e-06
2.134846e-05
6.758906e-07
1.230999e-06
4.764992e-06
7.295447e-05
9.658830e-04
1.527327e-05
2.873257e-07
3.794072e-07
7.165474e-05
2.753606e-07
5.152705e-07
3.204832e-05
1.527011e-06
5.433200e-07
1.051203e-06
1.210190e-07
4.453664e-07
1.391358e-06
1.486069e-07
7.414645e-05
1.019306e-06
2.001979e-04
3.379608e-05
2.800142e-04
5.133789e-05
4.696812e-05
6.043498e-03
1.837226e-04
1.021814e-04
1.435065e-06
1.993341e-07
1.003895e-04
9.704877e-07
3.051268e-05
2.131594e-06
6.097245e-07
3.141165e-07
9.867166e-06
3.215536e-05
6.213583e-07
1.095010e-05
9.284910e-07
1.300042e-04
7.929079e-06
2.365443e-05
4.917860e-03
3.639561e-05
5.529562e-07
5.960587e-04
1.906816e-06
1.947178e-06
9.553817e-07
1.224049e-06
2.906173e-07
3.565152e-05
2.036860e-04
2.482502e-06
8.499928e-07
1.796300e-03
2.564966e-06
2.854675e-06
2.378067e-06
9.000937e-07
4.905074e-07
1.429852e-05
1.295398e-05
1.708640e-02
1.282981e-06
4.959954e-07
4.413163e-07
1.386500e-06
4.293960e-06
4.683793e-07
9.444544e-05
2.074917e-04
3.099784e-05
7.539016e-07
3.831322e-07
9.504019e-06
5.661887e-06
5.508656e-07
4.886369e-07
2.835304e-07
9.943354e-07
2.012805e-07
3.926695e-07
3.825717e-04
4.645739e-07
1.965591e-06
4.363086e-06
5.365072e-06
1.232445e-05
1.148964e-06
1.131194e-06
8.982919e-07
8.139659e-07
2.594755e-05
5.871444e-06
2.095844e-05
2.450610e-04
5.217977e-03
2.593573e-06
5.362552e-07
8.192848e-04
7.298666e-05
4.574509e-05
4.435840e-07
3.101956e-07
9.673522e-06
2.922306e-05
6.426805e-05
5.816543e-05
8.926113e-05
2.304140e-04
5.334384e-07
1.239978e-06
2.656153e-06
1.758081e-05
1.742140e-06
1.599261e-06
1.000954e-06
6.430137e-07
5.054837e-05
9.188379e-07
6.167239e-06
4.846283e-07
1.738274e-06
1.037535e-06
5.328147e-07
4.918240e-07
4.178036e-07
1.794312e-04
1.263815e-04
5.340869e-04
4.033464e-07
5.824611e-07
3.629270e-07
1.977197e-07
1.858525e-05
4.640793e-06
2.409616e-07
8.264388e-05
3.388840e-04
5.016705e-04
3.671048e-05
3.906391e-07
8.017563e-07
1.546468e-07
1.954771e-07
1.522232e-07
2.603978e-06
4.076093e-07
2.956187e-07
9.261243e-06
8.338928e-06
2.860710e-05
1.809485e-04
4.520892e-06
4.028191e-06
3.300056e-05
9.041462e-07
2.189558e-06
3.334771e-07
2.597519e-05
3.093326e-06
6.237978e-07
2.646948e-07
1.698140e-06
6.238209e-07
1.404812e-06
3.281496e-06
6.683170e-07
2.672300e-06
5.090206e-05
2.610800e-07
1.421997e-05
3.633065e-04
3.001794e-06
4.016977e-06
7.093396e-07
4.017014e-07
1.227318e-06
2.656128e-07
3.988384e-05
5.457067e-05
3.937670e-05
3.214319e-05
4.195558e-07
1.897152e-05
2.016077e-06
1.125401e-05
1.150733e-04
7.268049e-05
2.668687e-07
5.943266e-07
3.885128e-07
7.404995e-07
3.245597e-07
2.538897e-07
5.484883e-04
2.159873e-05
5.082213e-05
3.859029e-05
1.769378e-07
3.374745e-05
2.491931e-06
1.508488e-06
5.176287e-06
4.036810e-07
1.126250e-06
4.709066e-07
6.811309e-06
2.599511e-04
1.206282e-05
5.374524e-07
6.311579e-05
2.192785e-05
2.367581e-06
7.796090e-06
2.865319e-07
6.807908e-07
3.958915e-07
5.333090e-07
3.925028e-07
2.816126e-07
7.982558e-07
2.339507e-06
1.226976e-06
1.440723e-06
3.446134e-06
3.980760e-06
3.195898e-07
1.057909e-05
9.531486e-06
1.771717e-03
1.731086e-07
2.561685e-06
1.938990e-06
5.168882e-06
8.853701e-07
2.627056e-06
1.272417e-06
4.891996e-07
1.285300e-06
4.556740e-07
4.773731e-05
1.149491e-04
2.922321e-06
1.553739e-06
2.651196e-05
5.930501e-07
1.667900e-06
7.097544e-07
6.385805e-05
4.731980e-06
3.945571e-05
1.776332e-06
3.613941e-05
1.481052e-06
9.672086e-07
1.243276e-06
8.851479e-05
4.221555e-05
4.835383e-07
7.627771e-06
3.199149e-07
4.579871e-07
6.933546e-06
1.236608e-07
2.993605e-06
5.888279e-07
9.441721e-07
5.766944e-06
2.316434e-06
2.034567e-06
1.545667e-06
5.298779e-07
4.486444e-07
1.220014e-05
9.126418e-07
2.546996e-06
1.629636e-05
5.267812e-04
1.155906e-03
9.759093e-06
1.442175e-04
5.587820e-05
1.292664e-05
1.852408e-06
3.996464e-03
6.628775e-06
4.039807e-05
2.316044e-05
4.332846e-03
4.463126e-07
6.209201e-07
2.516209e-05
5.125176e-05
8.570791e-06
1.687685e-05
1.872369e-06
3.068415e-04
3.615269e-06
6.867548e-07
3.272010e-07
5.932254e-05
2.110411e-06
8.822113e-07
9.768557e-05
6.641104e-05
3.725851e-04
8.041420e-07
5.121766e-07
5.449565e-06
7.742003e-06
1.004266e-06
2.226871e-06
4.564912e-07
3.588368e-07
2.165869e-07
9.001265e-05
3.159963e-05
1.277447e-06
1.766268e-07
1.573681e-06
2.715770e-05
1.224868e-06
4.815954e-06
6.167658e-05
4.669327e-07
5.780336e-07
8.024667e-07
5.341734e-07
7.431585e-07
4.971964e-07
3.975487e-07
3.623515e-03
3.967636e-05
1.061694e-06
3.800682e-05
4.860207e-06
2.477799e-07
3.452479e-06
4.025136e-06
4.538493e-06
2.190522e-06
6.238689e-06
1.162775e-06
1.292529e-04
1.791884e-07
1.913506e-06
6.580577e-07
2.292187e-07
1.611855e-06
9.447353e-07
5.871654e-07
2.156782e-07
2.290254e-06
1.533357e-05
4.807900e-07
1.220410e-05
2.327821e-05
7.280044e-05
1.522181e-04
1.103449e-06
3.102179e-06
2.137581e-07
4.267894e-07
1.035660e-04
1.663112e-05
2.081138e-06
6.547010e-05
6.919170e-07
5.485044e-07
2.856373e-07
1.275969e-06
5.793457e-06
2.562046e-05
6.170197e-05
1.047528e-05
6.934033e-06
4.493705e-07
2.695018e-07
6.543106e-07
3.150650e-04
7.839877e-05
7.819431e-07
1.662357e-06
1.580196e-06
1.801699e-06
2.118070e-07
2.940051e-04
1.621781e-05
5.700519e-05
3.583230e-06
3.544802e-05
1.468760e-04
8.837447e-06
4.942178e-05
6.316480e-07
1.517720e-06
7.882025e-06
4.570963e-02
7.055074e-07
2.328833e-07
4.419382e-05
6.480528e-06
1.017569e-06
2.836144e-04
4.500840e-06
3.471476e-04
1.319645e-06
5.019975e-07
1.557412e-06
5.063133e-03
7.535933e-06
4.842585e-06
4.721435e-04
2.483481e-04
2.724271e-04
4.629093e-05
5.992730e-07
5.204780e-07
7.871055e-07
6.310875e-05
1.545954e-05
1.154107e-05
5.054185e-07
7.139148e-07
3.689343e-07
1.336451e-07
5.912252e-07
2.471676e-07
3.639152e-06
6.827217e-07
2.364451e-03
7.505055e-04
2.914283e-05
6.116906e-05
3.951548e-07
5.190269e-04
4.614880e-07
5.112481e-07
2.227788e-05
6.357075e-07
2.381930e-05
3.939349e-05
1.653657e-06
5.256435e-07
8.655077e-06
5.609761e-03
3.548829e-07
3.548772e-07
1.215875e-06
1.056473e-06
1.034951e-06
5.034823e-07
1.937880e-07
3.076340e-06
6.365835e-07
4.982426e-05
5.787513e-06
5.877474e-05
3.725312e-05
4.013127e-03
4.073236e-06
4.165836e-05
6.759655e-06
1.088149e-06
2.365315e-06
1.865019e-05
2.324285e-04
4.933553e-07
3.920234e-06
8.266301e-07
7.006399e-07
1.208366e-07
5.348396e-07
6.466022e-06
1.543515e-04
7.306538e-05
3.377209e-05
5.742539e-05
1.458879e-06
1.701245e-07
2.490011e-06
7.432315e-07
2.429575e-07
1.712240e-06
2.981685e-04
2.369929e-06
2.661365e-07
2.738048e-07
2.178613e-05
2.891474e-07
8.489060e-06
9.863178e-07
1.120681e-06
8.483713e-07
1.037760e-07
1.391136e-05
1.836329e-06
6.765055e-07
1.561103e-06
4.430728e-05
2.339462e-06
5.634106e-07
3.023963e-07
6.263781e-06
1.144326e-03
1.773671e-04
1.724243e-06
2.869719e-05
2.618219e-06
9.217624e-08
4.701480e-07
1.088104e-07
1.226838e-05
9.726607e-05
1.773648e-05
3.440094e-04
8.574855e-07
4.195979e-05
8.268691e-03
3.404764e-07
8.885555e-07
7.630164e-06
1.361314e-06
1.522735e-05
5.975894e-07
1.953041e-06
3.819462e-07
5.645072e-07
2.367952e-07
2.741910e-04
2.317485e-04
7.162887e-07
2.736122e-07
4.402014e-07
6.632435e-05
3.707787e-06
2.905859e-07
9.121035e-05
2.018483e-04
1.409777e-07
2.137243e-06
2.564239e-07
2.145465e-05
1.527335e-06
3.710601e-07
4.206999e-07
2.578985e-07
3.700300e-07
6.336901e-05
2.374306e-04
1.196373e-06
2.538627e-04
1.368385e-07
1.022303e-05
3.830962e-05
1.065792e-04
7.810894e-05
2.376548e-06
2.064632e-07
1.705591e-04
9.527165e-07
9.620280e-07
7.393724e-07
6.052785e-07
1.032144e-06
2.423331e-07
3.439436e-07
5.713738e-06
1.186996e-06
1.159878e-06
8.160272e-07
4.534008e-05
1.734339e-03
1.620517e-06
1.932761e-05
4.918898e-06
9.213918e-06
4.284933e-07
5.177812e-05
5.583521e-06
3.542505e-06
2.899823e-06
5.664215e-07
1.766470e-06
3.714890e-07
4.333187e-07
3.518847e-07
1.591274e-06
8.822140e-06
7.916090e-04
1.765411e-05
1.140528e-04
6.254162e-06
2.356439e-05
8.942649e-05
4.567859e-05
1.576530e-05
1.870109e-06
5.077062e-06
1.642569e-06
4.102714e-07
2.209777e-06
3.618528e-07
4.322999e-04
3.444350e-07
1.275725e-06
5.052424e-07
2.973790e-06
4.593926e-07
1.474951e-06
4.981372e-07
2.782651e-05
1.355374e-04
5.038173e-07
5.164357e-07
1.115015e-06
2.022237e-07
1.273374e-04
2.133544e-05
3.708007e-04
7.810026e-07
4.352803e-07
1.254824e-05
1.776986e-06
2.696622e-07
1.353044e-06
2.612114e-07
5.147875e-07
3.902446e-07
3.806204e-07
3.922557e-07
6.911089e-06
5.284235e-07
2.915813e-05
2.429744e-04
1.097248e-04
1.190121e-04
8.516879e-05
6.741132e-07
4.717612e-06
2.419858e-04
1.610399e-06
5.884977e-07
3.126300e-05
2.385647e-07
7.988875e-06
3.408883e-04
1.128356e-06
1.939981e-06
1.615403e-06
6.839177e-06
1.311908e-05
1.377541e-05
1.128821e-06
2.591140e-07
4.098751e-06
4.617561e-06
1.163830e-04
4.262106e-05
9.427986e-04
3.736612e-07
1.602967e-06
1.376168e-06
4.920323e-07
1.308152e-06
3.936137e-07
4.332494e-07
3.727839e-07
2.932446e-06
1.690666e-06
1.041243e-05
3.025385e-05
2.491582e-05
5.731092e-05
9.182746e-05
3.758407e-04
2.391919e-05
1.615672e-06
1.035578e-06
1.456354e-07
4.724542e-07
6.673312e-05
1.319328e-05
5.446982e-05
3.522832e-05
3.795312e-07
4.215518e-06
2.823040e-05
4.150388e-07
3.419868e-06
6.297333e-07
1.235315e-06
5.001308e-05
1.658228e-06
3.861794e-05
1.832764e-06
1.955837e-05
1.217730e-05
2.678052e-05
6.827671e-05
2.176816e-06
3.732598e-06
1.334912e-05
1.712045e-07
2.181997e-06
9.349392e-07
4.691435e-07
7.940809e-06
3.407697e-07
4.187419e-07
7.523383e-06
2.559386e-06
2.488624e-07
5.635412e-06
1.175103e-06
4.615322e-05
1.155016e-04
2.079189e-07
5.980536e-05
2.465087e-06
3.057743e-04
3.688778e-05
4.881025e-05
3.070924e-04
1.863710e-05
4.128313e-05
2.895280e-03
1.217572e-06
3.060346e-07
7.776116e-07
7.071091e-05
7.063123e-05
4.290374e-07
6.159768e-07
9.633195e-06
3.019109e-05
3.504028e-07
7.783533e-05
6.351365e-07
5.510691e-06
8.204663e-05
2.734821e-05
9.326953e-07
3.424482e-07
1.246751e-06
7.723590e-05
1.222493e-04
2.588580e-05
2.217808e-05
6.644104e-05
4.591022e-06
8.439821e-07
3.030408e-05
6.330064e-07
3.903553e-06
1.490464e-06
3.398101e-07
3.656163e-07
8.541009e-05
4.970775e-06
1.011861e-05
3.509736e-05
6.034869e-05
1.240669e-05
2.986709e-06
1.586260e-07
1.156931e-06
4.569102e-06
5.427054e-07
4.424311e-07
1.501045e-06
5.838678e-05
1.434859e-05
8.508826e-07
5.106900e-07
1.439362e-06
4.124480e-06
3.811748e-05
3.699727e-07
1.611728e-07
2.079581e-07
5.842570e-07
8.281694e-06
2.129537e-04
1.381603e-06
3.525986e-05
1.722156e-06
1.342984e-05
2.931649e-07
4.645128e-05
3.021046e-04
3.415172e-06
8.043730e-03
1.936282e-07
3.434974e-07
1.296932e-05
1.184321e-04
1.424001e-05
2.254151e-05
3.043725e-05
7.535196e-07
6.977661e-07
6.977792e-05
1.053440e-05
3.512425e-05
1.096967e-05
5.046314e-06
6.240295e-05
1.844674e-05
4.784971e-05
1.241342e-06
1.371044e-05
2.824973e-06
8.124488e-07
3.291044e-07
8.125257e-07
1.372559e-06
7.423013e-07
1.128822e-05
3.376927e-03
5.097624e-04
4.141303e-05
2.959481e-05
6.291174e-04
3.116641e-05
1.602667e-04
1.541954e-05
2.237418e-07
9.382676e-08
5.377970e-05
1.516574e-05
2.113996e-05
2.252878e-06
2.834378e-06
9.660339e-06
4.624547e-06
4.033892e-06
9.221003e-07
1.244660e-06
2.485217e-02
1.958122e-04
4.981975e-06
6.088310e-07
5.394389e-07
7.115758e-07
6.441921e-07
4.631722e-07
1.364601e-06
3.524374e-05
3.323272e-06
1.082327e-06
9.468127e-07
4.382239e-04
6.607464e-05
1.345942e-07
1.467746e-04
8.037794e-07
2.565162e-05
4.581005e-07
2.228160e-05
3.122013e-05
5.236877e-05
5.361259e-06
3.887100e-05
5.478133e-06
4.031416e-05
8.990038e-06
3.486882e-07
4.966382e-07
5.628768e-07
3.609896e-05
3.081332e-07
2.527850e-06
3.568284e-06
9.695575e-06
4.354454e-07
7.005556e-06
2.838255e-06
8.559347e-06
6.759222e-04
4.728418e-07
2.909484e-05
3.562110e-06
3.086482e-07
1.156455e-06
4.896780e-07
6.647777e-07
2.589810e-06
6.057410e-07
4.000860e-06
2.950801e-05
1.162438e-05
1.401011e-04
2.338397e-05
3.469732e-07
3.000738e-07
1.047808e-07
1.268626e-06
8.417014e-07
4.496868e-05
7.196210e-06
5.817884e-05
3.191567e-06
5.663299e-07
9.132618e-07
1.781113e-05
1.594787e-07
3.827128e-07
1.791554e-06
1.833049e-06
2.919504e-07
7.933528e-07
8.106285e-06
2.587538e-05
2.579222e-05
7.865265e-07
8.355981e-07
4.188361e-07
6.755402e-07
8.718001e-07
1.300069e-04
1.377251e-06
7.293622e-04
9.424544e-05
5.198569e-05
1.656653e-06
1.347715e-05
5.495628e-07
6.030447e-07
4.230433e-07
6.052474e-07
2.911090e-05
4.108307e-06
6.345840e-07
9.284676e-07
1.767963e-05
9.104800e-05
2.187740e-06
1.113015e-04
8.064483e-07
1.430405e-04
7.405776e-07
2.030294e-05
1.811182e-06
2.561310e-07
2.500216e-07
3.024688e-07
5.105890e-07
4.286840e-04
6.141951e-06
3.342650e-05
5.714683e-06
1.148511e-05
5.255934e-07
3.120922e-05
4.490907e-07
7.961161e-06
3.790420e-06
2.067309e-05
2.735490e-06
1.097403e-07
8.655061e-05
1.454322e-06
1.005235e-04
7.608938e-06
5.232262e-07
6.581646e-07
1.251129e-06
2.545328e-07
2.959254e-07
4.089665e-03
2.224917e-07
6.718587e-05
3.313276e-07
1.296857e-05
9.661362e-05
2.613999e-04
1.880136e-05
1.832848e-06
2.938822e-07
2.848129e-07
5.705281e-07
4.811537e-05
5.205718e-06
3.334515e-06
3.799807e-06
7.756944e-07
5.316222e-06
2.325949e-06
2.713863e-05
3.296760e-05
9.538430e-07
5.995162e-05
5.962157e-07
2.179861e-05
3.327042e-06
5.165296e-06
1.239926e-03
9.326412e-07
1.951110e-07
3.177876e-07
4.660503e-05
9.609858e-04
5.900515e-05
1.204746e-04
5.824886e-05
3.102646e-06
1.018892e-06
1.379628e-05
4.412656e-07
3.565795e-07
1.884858e-06
9.541726e-07
1.498086e-07
2.776285e-07
5.022547e-07
2.611096e-07
2.213968e-04
1.357253e-06
1.010382e-06
2.122499e-04
3.215880e-05
9.099479e-06
1.349600e-07
5.762822e-06
1.861411e-06
6.065451e-06
1.550419e-07
8.831446e-07
2.309671e-07
3.081647e-06
4.111434e-06
1.054478e-03
2.745802e-06
3.345767e-06
7.385384e-04
2.618332e-04
2.106837e-07
1.880428e-06
4.045574e-07
8.009890e-06
1.645181e-07
7.351481e-05
2.208697e-07
5.777583e-07
9.180036e-07
1.135644e-06
1.065905e-06
2.947963e-07
1.099185e-07
2.404506e-07
6.327873e-06
1.192370e-05
5.993777e-06
4.787873e-05
2.164132e-06
2.983562e-04
7.312676e-05
8.079601e-06
3.671397e-07
2.025629e-06
2.500754e-06
4.232633e-06
4.414836e-07
1.587803e-03
1.808630e-03
9.014408e-07
1.588810e-06
5.284006e-07
4.215853e-07
5.012859e-07
2.572552e-06
4.585704e-06
3.863690e-07
2.257673e-06
1.572076e-05
2.965240e-04
2.976649e-03
8.943292e-05
2.364099e-07
2.729321e-05
2.888716e-05
8.188441e-07
8.859421e-07
7.518662e-07
2.538805e-07
3.078770e-05
2.787529e-07
2.221412e-05
2.951584e-04
5.260033e-06
5.877064e-07
9.184688e-07
1.243394e-05
2.641881e-07
3.020738e-05
3.881838e-05
5.729323e-04
1.787808e-04
3.558733e-05
2.017346e-07
4.705346e-07
3.737092e-06
4.552675e-06
1.670525e-06
8.954027e-07
1.956769e-06
2.916146e-07
3.222115e-05
5.996063e-06
2.179713e-06
1.196476e-04
4.418119e-06
6.077667e-07
2.782471e-05
7.305798e-07
1.781565e-07
1.240528e-06
7.876747e-05
6.204018e-05
5.877615e-05
1.196285e-05
1.735953e-07
4.374864e-07
2.853592e-07
5.497102e-07
3.286389e-07
7.779533e-07
1.373013e-06
3.479758e-07
8.938665e-07
7.763085e-07
6.397026e-08
3.575335e-07
2.046794e-07
4.980714e-06
6.779601e-07
7.072898e-06
4.568603e-07
1.534697e-07
2.339406e-07
3.900346e-07
3.012002e-04
2.432887e-06
1.166966e-05
2.756714e-05
4.826788e-05
1.619765e-07
2.438977e-05
1.317875e-04
7.109079e-06
6.219698e-06
2.617901e-05
1.248276e-05
5.052021e-06
1.357428e-06
1.975106e-06
1.718088e-07
1.626887e-05
9.746193e-06
4.817303e-07
1.851351e-07
1.504466e-05
1.081372e-05
2.473058e-04
1.086707e-06
1.289142e-06
6.736225e-07
2.650260e-07
6.370551e-07
5.210646e-07
2.809743e-07
6.249161e-06
3.136736e-05
1.393950e-06
8.400187e-07
1.980085e-07
3.369047e-07
5.664997e-06
2.007697e-07
2.355109e-05
2.594471e-05
5.661314e-06
2.458247e-06
1.529193e-06
3.783019e-06
2.488274e-07
1.322812e-07
1.020181e-06
2.928641e-06
3.138191e-06
3.208620e-05
1.530846e-06
3.086539e-07
4.399084e-07
1.120653e-06
7.286371e-07
9.758237e-07
2.187151e-06
5.324680e-07
5.697728e-07
6.226746e-07
2.744698e-06
1.007167e-07
8.877634e-04
7.942450e-05
9.031361e-05
5.895777e-06
5.718264e-06
2.732809e-04
2.215694e-06
1.715791e-06
6.319640e-07
2.536814e-07
1.262103e-05
2.804694e-06
1.512980e-06
4.660034e-05
3.466090e-06
2.789965e-06
2.622234e-07
1.239821e-06
1.745332e-07
6.137651e-07
5.410176e-07
1.837432e-06
6.719755e-07
7.425621e-07
8.541294e-07
7.655589e-07
3.903773e-07
1.851666e-07
6.902543e-06
7.679897e-07
3.292451e-06
1.280690e-06
1.060572e-04
4.451674e-06
4.273993e-07
4.554797e-07
9.256420e-07
5.121832e-06
3.002521e-06
4.303511e-05
4.495583e-04
1.547586e-07
2.024411e-07
2.310092e-04
8.028433e-05
7.453470e-05
3.075475e-07
2.938299e-07
9.564881e-06
3.141126e-07
7.012998e-04
3.018712e-06
1.841147e-05
4.294706e-07
3.303002e-06
9.677111e-07
2.211059e-06
9.623875e-08
4.376813e-07
3.313930e-07
1.543860e-05
3.008133e-05
2.774165e-07
3.291210e-05
4.739119e-07
6.873747e-07
2.519037e-07
1.425383e-06
8.105452e-07
6.400110e-07
1.496331e-07
2.531355e-04
1.318899e-04
2.886681e-06
7.297402e-06
4.176959e-07
2.373375e-05
3.272905e-05
9.311468e-05
6.289303e-07
3.875270e-05
8.270691e-07
2.818467e-05
3.217059e-06
6.588375e-06
9.088677e-05
1.927337e-05
1.282651e-05
1.842359e-06
2.413845e-04
3.216471e-07
4.501257e-05
1.749591e-05
9.795123e-07
5.193348e-07
4.680870e-07
1.463643e-06
2.300279e-06
1.211972e-05
1.970306e-05
7.532688e-07
1.064252e-07
1.258335e-03
4.012193e-07
7.484188e-07
3.581223e-07
6.495833e-07
4.047912e-07
6.762224e-07
5.000556e-07
1.018251e-05
3.398243e-06
2.015536e-06
6.216907e-07
6.158077e-05
1.716858e-06
6.689587e-07
8.909409e-07
2.484781e-06
3.723817e-07
1.121007e-05
2.313364e-04
8.292405e-05
8.537820e-07
3.469288e-07
8.924450e-07
5.624653e-06
2.161554e-07
4.293610e-07
3.908797e-06
1.021406e-05
1.444849e-05
3.632884e-06
5.568258e-06
1.154625e-04
2.751601e-05
4.643821e-05
2.269427e-03
4.561978e-05
9.791379e-06
5.740694e-05
2.297174e-07
3.213658e-07
1.597628e-07
5.153325e-07
8.004194e-07
8.389194e-07
1.917865e-07
3.521888e-07
2.764486e-07
2.289472e-06
4.235821e-05
4.275112e-05
2.840437e-07
3.602087e-06
2.796448e-06
2.833867e-06
1.441614e-07
1.004481e-06
4.105320e-06
3.915974e-02
2.007095e-04
5.628018e-05
4.191926e-06
3.568870e-06
7.341820e-06
1.443393e-07
5.932830e-07
1.864377e-05
1.962815e-07
2.579159e-05
5.805964e-05
5.137227e-07
2.016278e-04
7.213215e-07
2.987931e-07
4.959864e-04
6.810124e-05
6.116873e-07
1.288708e-06
4.646734e-07
1.815691e-07
1.685207e-07
8.042431e-06
1.887048e-05
9.302196e-06
5.343556e-07
3.279509e-06
8.247679e-06
6.069238e-06
1.138604e-06
1.860798e-04
7.072996e-07
7.847197e-07
9.292586e-07
4.867745e-07
5.046401e-05
4.018681e-06
6.235512e-06
5.818845e-06
4.312809e-07
3.541881e-05
2.130358e-07
4.925405e-07
4.121799e-07
4.567684e-07
1.042123e-06
1.351735e-06
1.447840e-06
5.528713e-06
2.700250e-06
4.324438e-07
1.810272e-06
6.842679e-06
4.375814e-06
4.260625e-07
9.345493e-07
1.034043e-06
5.207363e-07
9.769326e-05
3.044992e-06
2.188228e-05
3.243689e-06
1.489886e-05
7.885676e-06
6.008816e-03
2.834487e-04
4.553136e-04
2.513629e-07
2.020038e-06
2.634519e-06
7.936405e-06
5.047708e-07
5.466011e-04
7.508634e-05
8.856559e-07
9.502382e-07
2.987997e-06
1.503698e-06
3.716134e-07
3.021775e-07
4.633228e-07
3.387599e-06
1.511194e-06
8.343052e-07
2.351564e-05
5.495384e-06
6.139865e-06
5.470970e-05
1.786251e-04
8.168366e-06
1.007522e-05
7.341419e-04
7.464897e-06
3.433395e-05
1.761955e-06
2.588667e-07
3.140800e-06
7.686823e-07
4.236910e-07
2.467579e-07
2.027676e-06
4.589511e-07
1.415279e-06
6.944627e-04
1.675410e-06
2.308693e-07
1.674594e-05
6.200236e-07
1.963320e-07
5.999889e-07
5.196290e-05
8.107667e-07
6.241726e-07
2.902445e-07
5.903900e-07
3.606108e-07
9.464717e-06
1.117651e-05
4.198748e-05
1.917806e-06
1.635006e-06
1.068882e-06
9.761615e-07
1.265099e-05
5.408039e-03
8.631906e-06
2.822288e-05
1.493064e-04
3.641256e-07
1.421923e-06
2.179888e-07
1.230605e-06
4.580016e-07
9.079079e-07
2.924048e-07
7.131512e-07
9.315186e-08
1.467956e-06
2.507927e-04
2.961064e-06
2.036981e-07
2.952172e-07
9.174872e-06
3.340583e-07
2.315977e-05
1.643303e-07
7.673673e-07
1.982051e-04
5.993037e-05
4.670549e-07
3.737960e-07
5.193316e-07
6.510210e-07
6.324704e-06
5.297698e-03
4.881596e-07
7.261787e-06
1.582516e-06
2.088986e-05
1.152847e-04
1.927865e-06
6.582648e-07
1.540435e-05
3.665250e-07
5.073932e-07
7.249419e-07
2.798426e-07
8.042613e-05
2.023737e-07
6.251733e-05
5.775834e-04
1.164887e-07
9.204261e-06
5.468183e-07
1.930622e-06
8.813516e-05
3.636495e-06
8.651549e-07
9.833882e-07
1.089276e-07
1.883056e-03
3.017921e-05
2.347014e-07
4.883780e-05
3.196378e-05
2.450332e-07
8.905252e-07
7.191691e-07
6.405597e-07
1.245843e-06
5.738773e-07
2.783368e-07
3.620664e-07
5.013945e-07
3.456224e-07
2.442345e-06
1.036646e-05
1.570269e-04
2.322220e-05
2.166635e-06
4.232687e-07
4.729769e-06
6.044773e-06
3.926503e-04
8.657028e-06
1.541662e-05
2.558157e-07
2.707380e-07
8.606210e-07
9.753714e-07
2.677815e-07
6.787916e-07
5.041961e-07
1.115813e-07
3.184007e-07
4.209923e-06
7.540360e-06
1.281340e-04
5.270995e-05
3.290794e-05
1.333961e-06
2.295312e-06
2.608050e-05
3.501602e-07
2.180624e-06
7.154053e-03
5.383009e-06
7.613394e-05
1.415737e-06
1.236391e-06
2.372550e-07
2.203304e-06
6.960067e-07
5.966622e-07
3.122699e-06
2.580575e-05
2.937495e-04
3.551611e-07
5.053719e-06
2.840284e-07
5.284793e-05
6.668176e-07
2.928655e-05
1.460154e-05
1.327021e-04
6.843628e-07
9.008574e-06
3.111338e-07
8.072213e-07
1.490454e-07
4.221794e-07
7.554978e-07
4.977689e-07
1.119928e-07
2.034630e-07
1.080903e-06
9.489608e-07
3.871808e-06
4.088037e-07
9.817781e-07
5.760976e-07
3.282967e-05
1.437764e-05
1.157078e-06
5.472640e-07
3.373151e-06
6.658455e-07
2.477207e-04
3.091431e-05
1.780436e-05
4.003314e-05
6.478774e-05
6.860074e-05
1.518000e-06
7.628869e-07
4.994151e-07
1.878188e-02
7.545205e-07
1.510308e-06
6.719210e-05
3.311324e-07
2.234176e-07
9.320133e-07
8.791726e-07
5.179457e-07
4.780503e-07
3.337613e-06
3.879910e-07
7.609482e-05
4.613669e-03
4.975454e-07
1.125823e-06
1.861907e-07
2.407411e-04
8.315015e-07
1.754958e-06
6.510312e-05
1.915405e-05
4.137755e-06
1.481605e-06
1.171433e-06
3.179911e-06
2.728839e-05
3.971789e-04
1.284825e-06
4.607096e-06
5.644520e-04
1.850785e-04
3.619906e-07
3.619713e-07
3.477582e-07
6.698444e-05
2.213422e-07
7.929450e-05
2.280622e-06
1.519656e-04
2.100428e-06
2.848710e-07
2.612435e-07
8.514005e-04
4.777945e-07
1.310197e-05
1.587502e-06
4.212588e-07
5.424461e-07
3.332489e-05
1.285817e-05
3.983736e-07
3.485362e-05
1.086923e-06
6.297185e-04
2.638893e-05
7.656521e-08
4.253357e-05
1.336736e-06
8.345279e-07
1.877644e-07
2.527155e-06
2.131864e-06
1.044901e-05
5.017321e-07
1.770685e-06
1.765105e-07
9.808499e-06
6.031335e-05
8.771482e-07
1.655825e-07
3.610331e-07
1.335916e-06
1.946785e-04
9.334024e-08
1.088834e-05
1.463943e-06
3.171954e-07
1.653949e-06
5.327479e-04
4.543435e-04
1.450004e-06
7.111484e-07
1.060404e-06
1.101588e-06
1.506696e-06
4.922886e-06
1.496587e-04
8.880879e-06
4.190810e-05
3.419237e-06
4.173983e-05
1.166473e-04
3.516205e-05
4.119323e-05
7.191639e-05
2.702585e-06
3.546671e-04
1.708241e-04
2.459442e-05
5.753458e-07
7.701386e-07
1.577409e-05
7.284641e-06
6.846271e-05
2.676196e-07
4.151074e-07
1.869751e-06
2.609560e-05
4.166706e-07
4.786888e-06
3.206638e-05
2.456474e-05
7.749124e-06
3.440747e-07
7.803363e-07
3.245617e-05
3.103082e-07
2.827023e-07
3.992258e-07
1.097503e-06
2.135990e-06
4.873529e-06
4.461346e-07
1.001941e-06
9.800621e-07
1.692328e-07
9.061790e-07
3.014261e-07
7.285860e-07
9.614691e-06
3.998605e-07
1.916010e-07
2.183848e-05
1.371442e-06
2.179297e-06
3.156613e-06
9.011644e-07
4.856548e-06
2.115629e-06
1.087489e-06
9.206126e-06
5.643444e-03
4.990461e-04
1.049914e-06
1.042430e-06
4.318626e-07
4.327807e-07
3.157709e-07
4.984970e-07
1.500176e-07
1.002450e-06
9.238490e-07
2.935198e-06
2.520233e-06
5.714945e-06
3.197163e-07
7.597521e-07
4.182852e-07
1.860739e-04
1.226581e-04
1.924481e-05
3.590564e-06
9.844981e-06
1.218943e-05
3.113993e-03
3.262147e-04
1.334650e-06
4.194371e-07
2.515986e-07
5.886895e-05
4.346556e-05
7.270620e-07
6.029721e-07
3.173626e-05
1.491988e-06
1.724440e-07
2.653526e-07
2.151962e-07
1.061501e-06
2.424281e-07
7.796899e-07
1.909987e-07
6.097833e-07
4.694751e-07
2.103156e-06
3.210168e-05
3.948059e-06
3.328071e-05
1.864488e-06
1.336534e-05
5.459787e-05
5.294227e-06
2.212892e-07
4.763734e-07
4.487900e-07
8.748051e-07
5.684895e-06
7.868162e-07
3.117913e-07
6.919686e-07
2.200351e-07
1.118878e-07
8.635474e-06
1.078947e-06
1.439397e-06
4.872409e-07
2.977246e-07
2.569207e-06
5.151874e-07
5.294951e-06
3.074153e-06
7.300183e-05
2.633167e-06
3.225303e-07
1.573419e-06
5.583044e-07
1.508990e-06
8.911887e-05
4.423507e-05
1.170602e-05
2.124537e-07
3.505897e-07
2.325167e-06
3.993338e-07
2.471951e-07
1.662019e-07
1.348997e-06
1.615569e-05
1.650544e-04
1.058778e-05
2.325607e-05
2.989955e-06
2.316100e-05
2.181535e-05
2.601527e-05
1.681110e-06
8.801790e-07
6.362534e-07
5.797393e-07
2.198181e-05
1.188026e-06
1.011284e-04
3.121492e-06
5.929503e-06
1.148295e-04
1.004946e-04
2.726805e-07
4.324317e-05
1.768065e-06
1.435882e-05
2.742230e-06
1.070220e-06
5.035764e-07
5.069864e-07
1.028217e-06
4.547946e-07
2.771687e-07
4.256548e-07
3.497033e-07
1.172895e-06
7.594601e-05
8.465241e-05
1.052594e-06
2.418525e-07
4.810820e-07
1.196598e-06
5.575610e-07
2.762164e-07
2.036318e-03
5.466555e-06
1.550533e-06
1.468298e-06
1.827387e-05
4.215870e-07
3.513130e-07
2.016471e-06
2.907885e-07
4.849312e-06
8.422152e-07
2.990710e-07
3.387310e-06
5.955637e-07
2.448300e-07
3.456617e-03
8.237352e-06
2.501568e-07
2.313596e-05
8.084934e-05
5.182645e-04
3.038424e-06
2.320063e-07
2.321696e-07
8.431428e-07
3.332016e-07
9.239336e-07
1.677042e-06
2.345781e-06
5.742068e-07
4.844703e-07
3.282214e-07
1.547186e-06
4.900953e-06
8.750056e-06
4.820715e-07
3.786240e-07
6.287882e-07
3.636174e-05
8.211413e-06
3.665945e-05
4.404172e-05
7.026729e-07
4.159740e-07
8.601228e-07
1.255714e-02
9.644880e-03
3.840614e-07
6.079382e-07
1.084773e-06
6.341831e-06
7.352363e-06
5.006744e-06
6.087592e-07
8.358034e-06
5.172557e-06
1.686802e-06
5.454894e-07
1.047644e-06
7.049446e-07
4.386621e-07
7.765345e-07
7.869321e-07
2.256178e-05
1.262345e-06
1.488384e-07
2.048643e-04
1.159496e-05
1.254789e-02
2.077222e-07
1.016349e-03
1.707918e-07
1.521806e-07
8.646625e-07
7.268488e-05
5.718879e-07
3.077434e-04
2.150756e-07
8.065973e-07
5.219897e-07
6.757054e-07
1.843970e-06
2.769983e-07
1.743353e-07
1.017770e-06
1.001393e-06
4.873159e-03
3.160942e-07
1.798074e-05
8.690232e-05
1.313814e-05
1.951602e-05
4.471127e-07
1.183002e-03
2.298764e-05
2.495439e-06
7.791297e-06
4.965432e-06
7.478054e-07
7.908165e-07
5.900062e-03
3.205522e-07
7.151191e-07
3.325241e-07
2.566228e-07
9.509064e-07
2.215998e-06
9.440167e-07
1.215944e-06
4.879545e-06
9.033921e-07
1.706828e-06
3.230081e-06
1.892098e-06
1.173528e-06
1.947531e-07
4.003875e-06
3.585779e-07
3.783704e-07
1.168003e-06
5.100393e-07
4.366567e-07
2.678930e-07
1.736633e-06
6.401996e-06
7.743566e-05
1.412672e-05
1.347933e-05
1.258654e-07
3.646013e-05
1.068323e-06
1.494613e-06
8.104895e-07
1.046462e-05
6.295207e-05
1.164844e-05
3.279247e-07
2.864858e-07
9.664740e-07
2.468115e-07
1.687500e-04
3.983435e-07
9.652854e-05
2.655877e-06
9.858586e-06
1.135110e-06
5.913301e-07
8.535555e-07
3.180431e-07
3.992877e-07
2.227843e-07
4.777459e-07
8.787895e-08
6.354689e-07
3.057753e-07
1.193597e-06
2.723405e-06
6.401091e-06
1.446374e-06
1.115553e-06
1.048384e-06
4.186530e-04
4.246083e-05
1.317379e-05
1.306710e-04
2.796845e-06
2.489513e-07
8.880754e-07
4.244781e-07
1.570329e-05
8.486108e-07
3.884864e-05
5.801026e-05
2.715459e-06
2.273345e-07
9.244435e-08
2.965094e-05
1.665558e-05
1.365205e-03
1.065015e-06
8.614572e-07
2.354992e-07
9.326245e-06
1.827916e-05
4.446048e-07
4.734424e-03
3.464427e-05
5.039433e-07
4.820076e-07
2.870364e-07
2.413916e-04
3.265708e-05
7.887735e-06
3.051745e-04
3.942247e-04
2.508557e-07
3.903951e-05
2.146085e-05
1.544883e-05
4.388970e-06
1.767913e-06
3.869352e-07
5.278285e-06
1.298425e-06
6.521489e-07
1.430018e-06
2.663107e-07
4.543935e-07
2.244303e-05
4.424189e-06
2.771268e-07
3.241546e-07
1.170405e-05
3.175791e-05
1.611130e-06
9.847057e-07
2.453635e-06
6.502281e-06
4.442032e-06
5.991807e-05
7.289637e-06
1.523709e-05
7.035892e-06
2.329754e-06
1.737053e-06
1.469583e-02
3.188328e-07
5.760096e-07
6.781620e-07
1.209202e-06
1.218155e-06
2.275430e-07
5.976481e-05
3.154728e-05
8.391518e-04
6.578219e-05
2.852641e-07
2.162934e-07
2.530932e-06
1.353421e-06
3.899406e-06
1.127403e-06
7.135833e-04
4.324212e-07
7.774479e-07
2.210736e-07
2.660195e-06
1.869695e-06
4.907905e-07
7.591243e-07
4.313444e-07
1.491440e-07
1.712848e-07
1.591951e-03
4.769093e-06
3.788279e-04
5.484509e-07
1.839298e-06
4.881200e-07
2.029671e-06
2.797749e-07
6.880309e-05
6.539273e-07
8.451026e-07
4.331878e-06
2.134914e-05
5.389628e-07
3.421521e-05
1.226344e-06
2.967367e-06
2.846443e-07
1.618322e-06
6.399618e-06
1.379107e-04
4.022831e-07
1.150613e-06
4.791734e-07
7.877409e-05
4.853395e-05
1.200921e-04
5.238918e-07
5.854603e-06
3.392190e-07
5.770111e-07
4.689911e-05
3.615706e-07
7.622500e-06
7.861261e-05
4.796598e-06
6.858772e-07
1.140062e-05
3.743965e-07
1.130105e-06
7.672100e-07
9.541349e-07
1.210054e-07
1.901511e-07
9.885605e-07
3.947598e-07
2.357760e-05
8.007016e-07
1.601178e-07
5.964140e-07
2.068281e-06
1.096831e-06
6.414172e-07
2.286879e-06
2.704968e-05
1.484680e-06
1.732091e-06
2.578975e-07
3.847139e-03
2.917137e-06
3.286823e-06
1.849938e-06
3.461175e-06
1.249602e-06
8.348936e-07
2.901440e-06
6.668518e-07
3.770775e-07
1.589057e-05
1.221540e-04
7.520352e-07
1.631684e-06
5.766283e-07
5.515126e-07
5.969533e-07
1.360751e-06
3.710612e-07
3.266011e-06
5.252732e-07
8.592377e-06
3.961406e-05
7.394828e-07
9.397989e-07
1.650763e-06
3.591369e-07
5.325139e-06
5.344590e-06
7.000825e-07
4.232690e-07
6.560162e-07
1.141211e-06
3.435295e-05
8.404266e-05
3.377913e-07
1.013496e-06
2.857629e-06
1.049404e-06
6.312143e-06
2.125201e-07
1.155018e-06
4.931835e-07
1.809108e-06
7.086008e-06
4.118545e-07
3.676797e-06
2.040275e-05
9.612262e-07
4.241519e-07
6.278868e-07
1.096096e-06
6.742397e-07
8.916434e-07
3.519694e-05
1.948112e-06
8.901882e-07
1.114865e-06
1.390964e-03
2.118377e-05
1.234376e-06
3.103407e-07
1.686803e-06
2.334097e-06
2.504979e-04
1.146135e-06
2.060957e-06
1.533587e-05
7.732269e-05
6.671360e-07
3.857133e-07
6.466909e-05
2.810118e-04
2.027911e-05
2.654637e-06
1.029816e-06
9.092937e-06
1.699585e-07
2.634422e-07
2.249195e-06
9.305760e-06
3.350020e-06
2.309279e-06
2.795595e-07
3.285536e-03
6.326537e-06
2.829187e-07
2.451675e-05
4.466844e-07
1.292519e-07
2.925304e-07
1.711218e-07
6.558668e-07
7.410984e-06
3.969643e-06
4.385411e-07
3.324910e-07
3.369823e-06
1.833041e-07
1.245074e-05
4.169619e-05
1.266531e-06
1.074833e-04
2.273984e-06
2.633852e-05
7.398359e-05
9.044116e-06
2.277886e-06
4.841973e-06
3.409446e-05
7.369416e-05
5.450261e-05
2.493821e-07
4.611491e-07
4.811760e-07
1.149249e-05
6.952567e-05
3.537095e-07
3.043544e-05
1.020822e-04
3.387702e-07
1.086134e-06
1.876791e-07
3.222932e-07
1.846870e-07
3.511537e-05
1.032668e-06
7.411396e-07
1.072614e-06
3.056476e-06
3.665000e-07
2.529229e-06
5.396327e-06
5.694350e-07
1.102048e-06
4.130970e-06
2.986863e-07
1.240171e-06
5.025142e-06
6.921464e-07
7.214038e-07
4.312916e-07
8.600775e-07
1.021842e-05
1.129670e-05
5.054678e-06
2.121016e-04
1.921003e-05
1.759886e-07
5.131915e-04
1.847914e-04
1.207584e-04
2.262696e-07
2.614459e-07
4.136922e-07
3.875263e-07
1.450581e-05
8.277396e-06
1.187335e-06
6.741845e-07
7.150013e-07
8.238817e-07
3.135290e-06
3.370625e-05
5.887490e-07
6.116883e-05
2.938794e-05
5.016812e-06
1.920834e-04
8.914017e-04
6.213506e-06
4.522663e-06
5.529692e-06
1.856715e-06
2.760479e-06
2.376524e-07
2.036117e-05
1.375557e-06
2.278287e-06
4.429074e-07
2.972811e-07
1.845010e-05
4.320378e-07
2.210557e-05
1.027594e-06
8.514451e-06
7.167960e-07
3.574815e-06
2.399080e-06
3.396397e-05
1.526190e-05
4.380834e-07
6.323577e-07
1.750157e-06
9.625534e-07
1.605440e-06
9.410888e-07
7.352873e-07
9.357323e-05
4.987918e-07
1.504564e-07
1.750927e-05
2.023012e-07
3.945770e-07
3.035291e-07
6.689129e-07
3.768989e-07
4.798402e-07
2.669728e-06
6.903361e-07
1.887286e-04
9.826290e-05
1.247857e-06
4.393986e-05
1.534816e-05
3.382529e-07
3.357451e-07
1.974425e-05
3.894976e-07
1.885125e-06
3.822689e-07
9.609695e-07
1.437535e-06
1.209307e-05
2.667741e-07
4.737402e-07
4.277539e-07
2.992655e-06
3.331028e-06
4.549885e-04
3.064646e-06
1.021930e-06
3.234193e-07
5.745023e-07
1.345607e-06
2.417762e-05
1.083383e-06
2.027160e-05
3.860881e-07
2.889669e-06
8.624990e-05
1.004227e-06
7.786482e-07
2.312160e-06
2.479686e-06
1.477739e-04
3.341510e-06
3.202205e-07
7.125979e-08
3.627899e-07
3.921055e-07
4.510212e-06
2.478278e-07
1.075341e-06
2.921647e-04
2.972652e-05
1.517514e-06
4.495721e-07
3.250892e-07
6.449477e-05
3.129818e-05
2.529813e-04
1.459277e-05
3.219369e-07
9.426481e-07
1.226923e-07
2.135752e-07
4.505620e-07
4.466088e-07
9.913649e-08
2.686166e-07
3.223298e-07
3.639452e-07
1.503723e-07
1.141720e-05
2.971399e-06
1.221724e-05
1.530650e-07
3.435587e-07
7.374345e-05
6.619166e-05
1.739053e-06
3.393113e-07
1.607629e-04
1.417939e-05
1.900533e-06
3.489267e-04
3.425779e-07
1.991648e-07
6.018826e-07
4.051699e-07
8.675017e-07
2.644191e-07
4.391697e-07
1.268017e-04
5.555248e-07
9.881926e-06
1.034941e-07
7.255261e-07
5.294336e-07
2.737616e-06
9.985862e-07
8.132882e-06
8.468878e-06
2.092848e-05
4.786614e-07
1.429803e-05
5.351075e-07
1.864625e-05
7.306188e-06
4.344166e-05
3.463226e-06
3.380104e-07
7.461657e-07
1.432228e-06
3.044479e-06
5.982472e-06
4.399926e-05
1.639406e-07
2.609660e-07
2.876806e-07
1.734828e-05
1.311697e-04
1.267296e-05
2.772218e-05
4.179307e-04
1.278949e-05
1.035725e-05
2.368301e-07
1.591078e-07
7.097962e-06
2.263563e-06
9.293685e-05
2.567955e-06
5.268785e-07
1.113271e-06
6.421709e-07
3.161240e-07
3.686376e-07
2.381422e-05
1.225246e-06
2.652021e-04
3.937969e-06
2.066886e-06
1.133942e-06
1.836243e-06
2.571904e-05
1.226781e-04
2.303632e-05
4.690410e-06
2.537379e-05
3.584246e-06
1.250562e-05
5.506880e-07
5.042580e-05
1.799345e-07
8.924470e-06
5.258834e-07
6.082593e-07
8.818531e-06
6.946725e-03
4.863721e-05
2.485544e-07
4.144891e-05
2.004626e-06
1.713054e-07
8.706730e-07
5.322948e-07
6.683817e-06
3.039420e-06
3.742834e-06
5.137187e-07
1.095759e-06
1.966917e-07
8.033943e-07
3.435592e-07
5.115805e-08
4.177766e-04
2.695603e-06
5.115049e-06
3.722186e-05
9.053744e-06
5.346086e-06
4.711175e-05
8.256147e-04
2.499598e-07
1.514372e-07
1.939251e-05
7.375763e-07
6.892414e-07
3.358793e-07
3.255532e-05
4.319671e-07
2.403126e-07
1.615072e-07
3.912072e-07
1.690384e-06
4.977993e-06
3.118769e-05
1.185700e-06
4.973671e-07
4.834349e-06
4.352351e-05
2.771766e-06
1.124093e-05
2.619406e-05
4.166660e-06
1.510151e-06
2.732520e-07
5.526346e-05
1.465163e-07
1.264973e-06
2.593038e-07
2.726625e-06
2.214023e-06
1.069582e-06
1.154054e-06
5.872310e-07
5.992357e-07
1.831079e-05
4.869773e-07
1.562826e-07
2.384901e-07
9.861254e-07
7.619444e-07
4.317066e-07
9.394911e-06
5.725354e-07
4.066249e-07
1.503997e-06
1.106294e-06
1.478446e-06
1.686042e-06
4.421706e-07
1.855037e-05
3.168201e-05
5.099005e-04
1.431720e-07
3.005026e-07
1.821568e-07
4.777397e-07
7.002902e-07
8.216433e-07
7.988233e-07
2.344397e-07
3.373289e-07
1.890893e-07
1.144325e-06
4.016662e-06
3.777037e-07
3.174909e-07
4.808498e-07
2.256451e-06
7.120153e-05
1.276878e-04
7.746568e-06
6.358012e-07
1.201787e-05
3.162170e-06
1.654881e-06
7.125019e-07
1.014436e-04
4.492117e-06
9.748252e-05
6.772977e-06
1.545087e-06
1.988538e-07
4.193235e-06
8.884802e-07
2.937526e-07
1.307619e-06
2.823622e-07
2.211292e-07
3.427655e-07
1.712347e-05
3.079354e-07
2.998181e-07
1.368043e-04
4.447605e-07
2.191095e-05
5.849835e-05
1.275281e-07
8.812308e-06
2.138318e-07
2.665195e-05
5.180680e-06
1.374384e-06
1.261376e-04
2.171244e-04
9.812982e-07
7.537500e-07
5.690027e-07
1.471359e-06
3.378693e-06
2.696843e-07
9.064212e-07
4.012175e-06
5.529837e-07
1.409319e-05
1.074452e-04
5.280926e-04
9.794099e-05
5.612181e-08
4.942855e-06
1.691331e-07
5.648404e-06
1.945477e-06
1.895633e-06
2.680593e-07
1.410629e-05
1.649943e-05
1.030347e-06
5.524763e-07
2.023322e-06
1.629987e-06
3.282220e-07
5.840240e-07
1.939764e-07
1.689017e-07
1.431280e-05
7.161623e-06
6.944367e-06
1.104364e-05
5.338365e-06
2.614172e-06
9.940086e-05
1.960293e-05
2.814506e-03
8.552261e-07
3.261938e-07
1.277169e-06
4.335905e-07
9.663955e-07
2.603358e-07
3.969845e-07
9.339594e-07
4.916541e-07
1.308139e-06
4.967762e-07
5.727446e-07
2.413391e-07
1.316366e-06
5.403900e-06
5.627516e-07
1.791716e-06
2.192711e-07
1.370583e-06
4.218173e-06
1.650305e-06
4.224919e-06
1.657277e-06
1.659611e-06
2.504160e-07
4.674017e-07
4.155267e-07
3.509670e-07
2.689960e-06
6.568382e-07
5.580720e-06
2.446744e-06
6.376558e-07
4.599514e-06
4.650682e-07
8.202410e-06
1.047903e-07
3.058373e-06
1.473799e-05
1.991774e-06
2.013922e-07
2.684441e-05
2.537599e-07
1.107762e-06
5.232516e-07
2.369942e-07
2.210014e-07
4.066995e-04
1.425477e-05
6.655707e-07
1.462421e-04
3.284357e-07
5.457335e-07
3.581582e-07
1.923439e-07
6.783340e-06
9.473651e-06
4.526576e-06
1.011574e-05
1.093301e-05
5.313576e-05
1.025179e-05
1.930957e-05
2.380143e-07
3.116653e-06
6.643516e-07
1.324048e-05
6.405895e-06
4.833808e-04
1.114366e-06
1.030058e-06
4.917293e-07
2.415318e-05
2.676980e-07
1.294283e-05
2.518748e-06
1.956489e-06
5.335239e-06
5.911749e-07
1.199083e-06
4.030531e-05
8.904803e-07
1.713757e-06
3.396006e-07
5.890616e-07
1.476680e-07
2.457324e-04
5.132544e-07
1.553952e-06
7.788898e-07
1.961251e-06
2.016918e-05
6.629283e-07
4.254626e-07
1.271773e-04
2.904837e-06
1.783246e-05
7.646749e-07
3.368328e-07
2.011507e-07
2.604178e-06
2.343067e-04
1.872554e-05
1.711453e-07
3.205276e-07
1.290450e-07
2.123722e-05
2.417990e-04
3.014100e-07
6.294053e-07
5.213638e-05
5.657523e-06
4.815573e-04
1.015828e-06
5.710748e-07
4.167397e-07
2.886662e-07
3.010458e-07
1.007186e-06
5.875996e-07
3.055206e-07
4.548351e-06
3.325561e-05
1.838947e-04
7.074824e-06
1.601386e-05
1.177977e-04
2.725929e-05
2.846852e-06
1.089664e-06
1.361328e-05
3.306513e-05
4.727223e-07
3.415978e-06
3.298908e-07
9.578514e-07
1.208596e-06
8.097837e-06
2.384072e-05
5.648256e-07
5.537272e-06
3.141817e-07
5.588720e-07
3.742524e-06
4.610206e-04
1.311899e-04
7.522452e-07
8.965560e-06
1.077660e-06
4.819741e-07
6.559549e-07
4.009717e-07
4.116528e-05
1.024642e-05
9.090374e-06
6.710386e-07
1.133007e-07
1.490120e-07
3.138397e-07
6.192583e-07
2.277327e-06
1.235665e-06
8.482981e-06
7.647460e-05
1.029880e-06
3.239916e-07
3.319470e-07
2.466117e-06
7.447445e-07
1.093028e-07
1.424848e-05
4.150171e-05
1.603863e-06
7.930017e-07
1.275972e-05
4.816582e-07
1.262291e-06
4.524926e-07
4.270750e-06
1.145402e-06
2.598186e-06
3.262687e-05
4.751446e-06
1.086390e-06
2.324176e-05
2.662550e-06
1.443216e-05
3.124156e-05
5.276499e-07
1.153057e-07
2.694014e-06
6.628682e-07
4.829814e-07
1.307193e-06
2.411605e-07
4.315377e-07
2.138093e-07
1.126297e-06
7.952163e-07
1.149137e-04
7.521404e-07
4.422947e-06
2.068478e-05
4.238512e-07
2.785521e-06
3.323191e-07
1.816718e-06
7.146868e-07
3.015969e-05
6.366823e-07
2.914020e-07
8.167020e-07
2.380362e-07
4.667876e-06
3.410926e-05
1.298989e-04
1.538821e-06
2.550359e-07
3.573977e-07
4.190617e-07
5.221935e-04
2.905790e-07
3.608494e-07
1.183195e-05
2.748652e-07
1.113559e-05
7.269133e-07
5.888536e-05
2.118299e-04
5.966826e-07
5.464648e-07
1.611806e-07
4.953844e-07
2.061252e-07
4.554433e-06
2.670461e-07
3.278798e-07
3.985898e-05
4.119505e-05
4.582939e-07
8.520391e-07
9.471835e-06
5.021894e-05
2.145606e-05
1.099285e-06
1.535052e-06
1.718221e-06
9.093588e-06
1.510048e-05
3.975874e-07
6.700538e-07
5.432653e-06
1.152938e-06
9.012617e-06
5.555343e-07
5.177022e-07
7.325286e-07
1.046124e-07
3.972029e-05
1.500217e-06
1.412555e-06
1.836431e-07
9.881148e-05
6.841245e-07
1.577039e-05
5.265634e-06
5.891079e-07
5.438191e-05
7.256123e-04
3.109663e-04
2.879878e-05
4.098379e-05
1.114341e-06
5.341672e-07
4.792779e-05
6.328788e-06
4.419913e-07
8.971086e-07
5.178102e-05
1.257800e-06
1.796956e-07
4.096268e-07
5.429007e-07
5.096044e-06
1.186745e-07
7.687893e-05
3.460350e-07
3.975525e-06
9.192290e-08
3.727453e-06
1.954847e-05
2.104352e-05
4.669703e-05
1.500584e-04
1.157097e-06
4.272069e-04
3.542911e-07
4.429601e-07
3.416459e-07
4.746189e-07
2.203223e-05
2.728870e-07
4.765993e-06
6.114276e-07
1.687801e-06
6.296798e-07
1.062753e-06
1.661000e-06
2.210994e-07
2.052999e-05
5.597657e-07
1.005990e-06
3.118681e-07
2.067857e-06
1.392081e-04
7.683502e-07
8.044740e-07
8.465696e-07
6.343061e-07
3.884214e-07
6.414584e-06
4.149156e-06
3.441763e-06
2.876769e-06
1.443984e-04
1.538194e-06
8.855223e-07
6.598656e-08
2.362404e-07
3.519452e-07
1.560996e-07
5.525896e-07
6.426531e-05
2.471107e-07
7.508043e-07
8.121715e-07
1.973303e-05
3.006575e-07
6.700467e-07
2.237315e-07
5.831886e-07
2.239729e-07
2.446282e-06
3.047069e-07
4.692224e-07
3.914123e-07
1.159659e-04
3.793308e-04
2.600469e-06
3.607354e-04
4.699695e-04
1.593407e-07
8.836455e-07
4.507333e-06
3.709825e-06
3.732756e-06
5.445248e-07
3.218931e-07
1.756181e-07
1.413590e-07
9.624431e-06
7.200022e-05
3.914926e-05
2.641986e-07
1.689672e-06
7.214542e-07
8.418352e-07
6.115598e-07
1.019862e-05
7.045469e-07
2.096626e-07
2.074340e-06
3.966919e-06
2.792150e-04
3.069226e-06
1.772657e-06
4.597348e-07
1.149672e-06
4.695874e-05
6.829909e-05
1.456092e-06
5.507496e-06
6.160146e-06
4.688833e-06
4.978262e-07
5.315142e-04
4.585574e-06
3.560116e-05
2.839183e-05
5.732085e-06
1.437465e-05
6.830029e-07
3.671696e-07
1.009330e-06
5.528307e-07
4.111298e-07
8.320137e-06
4.651667e-07
1.580397e-06
1.638587e-07
3.771299e-06
1.470420e-04
8.900401e-06
1.376948e-05
5.585639e-06
6.066819e-06
2.602208e-05
2.394928e-05
3.817972e-06
3.502514e-07
1.958273e-07
4.128625e-06
3.151667e-04
4.736785e-07
5.888945e-06
2.417480e-07
2.091905e-07
5.844433e-07
1.679074e-06
2.863434e-07
2.029454e-07
1.777905e-07
7.546738e-07
3.492044e-07
3.809624e-07
3.620040e-07
2.988481e-07
3.039148e-07
4.750719e-07
6.346583e-06
8.765030e-07
1.646144e-06
1.140441e-07
1.049770e-06
1.649221e-05
5.490455e-07
1.949387e-07
1.921465e-04
3.927420e-04
1.385749e-04
2.683832e-07
3.739248e-07
1.267595e-06
8.627901e-07
2.684934e-07
4.960954e-07
1.473930e-05
6.496895e-06
7.296183e-07
3.464393e-07
6.489601e-06
1.362024e-04
1.027668e-04
5.437832e-04
8.157811e-08
2.058258e-07
4.842180e-07
7.528613e-06
4.502409e-06
2.412587e-06
1.601241e-05
3.435457e-03
5.516521e-07
1.433912e-06
1.830442e-07
2.195899e-04
1.610102e-07
2.959485e-07
1.876349e-07
5.588051e-07
7.455850e-06
7.090837e-06
1.645445e-06
2.948642e-07
2.632308e-04
6.352074e-07
1.932215e-05
3.847235e-07
2.189079e-07
6.847873e-06
9.109957e-03
1.386625e-07
3.141295e-06
1.321940e-05
7.717829e-07
1.509554e-06
1.568493e-07
4.923025e-06
5.935992e-06
1.379548e-06
5.003194e-07
6.305659e-07
8.926873e-07
1.535657e-06
1.774296e-06
2.126887e-07
1.194733e-03
7.023027e-07
7.040807e-06
3.125105e-07
6.688612e-07
2.791702e-07
3.846610e-07
3.214308e-05
5.790840e-06
2.439165e-05
4.830436e-07
9.328448e-05
5.504368e-05
4.818061e-04
1.685345e-07
4.000538e-07
2.769313e-06
6.370955e-07
5.151715e-07
4.038926e-07
2.150513e-07
4.417777e-07
6.157724e-07
2.159144e-07
5.480720e-05
2.724972e-07
9.602656e-05
5.137683e-05
3.891092e-06
3.609222e-05
1.662582e-06
1.651789e-06
5.519567e-05
5.779076e-05
2.726922e-06
5.518345e-06
2.054656e-05
1.458169e-07
1.085584e-06
1.830391e-07
8.280422e-07
5.755403e-06
5.335998e-06
6.090052e-07
3.974246e-07
3.574987e-07
5.748663e-07
4.585308e-06
3.911316e-07
9.235295e-06
1.410440e-06
3.641377e-06
2.009985e-06
2.743615e-05
6.105573e-07
6.049909e-07
1.893792e-06
1.068871e-05
1.045350e-05
1.665569e-07
1.165903e-06
1.311185e-05
2.953089e-07
1.980750e-07
9.351539e-06
5.514476e-07
2.485506e-07
2.524305e-06
4.448303e-07
1.201974e-03
1.050474e-06
2.807163e-07
4.682225e-06
8.013489e-06
5.178036e-05
4.675319e-06
1.320629e-04
2.287889e-07
3.550178e-06
3.692358e-07
2.393809e-07
4.757968e-06
1.607441e-05
2.235671e-03
2.047178e-05
1.682462e-07
7.154066e-07
1.852709e-06
5.086036e-06
4.371039e-06
2.435752e-07
1.539805e-06
3.891113e-05
1.130729e-05
7.701272e-06
4.881071e-07
1.002238e-06
1.884181e-06
3.030856e-06
4.575308e-07
2.523475e-07
2.646417e-06
2.890452e-07
1.668566e-07
8.875804e-07
1.925676e-07
4.009948e-07
7.385736e-06
9.537180e-06
4.365779e-06
2.645016e-07
7.269425e-06
1.557939e-04
9.021625e-08
2.015745e-04
1.594703e-05
1.693771e-04
6.235698e-07
7.334760e-07
1.326592e-05
3.819290e-07
4.604663e-07
3.594938e-06
3.173772e-07
4.972677e-07
5.825367e-07
1.792325e-07
6.877568e-07
2.145351e-05
4.487659e-05
3.603008e-07
5.201383e-07
1.604520e-04
5.062989e-06
5.003435e-06
3.518876e-04
5.279985e-06
1.470325e-06
8.598124e-07
2.184960e-07
1.729630e-07
2.978224e-07
7.857024e-07
7.924859e-07
1.001963e-06
1.654680e-04
7.961998e-06
1.942138e-06
2.640699e-06
3.546855e-07
5.661029e-06
1.179240e-06
3.285043e-06
3.460623e-06
1.798916e-06
1.060876e-05
1.866492e-06
5.374285e-07
7.436434e-07
5.118206e-06
1.887315e-07
7.071066e-07
4.939821e-07
4.018653e-06
1.399349e-05
4.635105e-06
7.550996e-05
1.096640e-06
2.686124e-07
1.209856e-06
1.840094e-06
1.444965e-07
5.594007e-07
3.133680e-07
4.551084e-07
8.996561e-06
8.749639e-07
4.420877e-07
2.281476e-07
2.182270e-07
1.202997e-06
2.105256e-07
2.378039e-04
1.285981e-04
7.338466e-05
5.296663e-07
1.958629e-04
7.022786e-07
1.588498e-06
9.895372e-07
5.667077e-06
3.928334e-07
5.710634e-07
1.568865e-05
6.514293e-07
1.999546e-07
5.479461e-06
9.512979e-07
5.304717e-06
2.914984e-07
1.517121e-06
1.685489e-06
1.523623e-06
3.570566e-06
3.346520e-06
8.029404e-07
2.894979e-06
6.881414e-05
7.599707e-06
8.533074e-07
1.159638e-06
1.316562e-06
7.939823e-06
5.018080e-04
6.919018e-07
6.244676e-07
1.359487e-06
3.492567e-05
3.846536e-07
1.194590e-07
1.357590e-06
1.973218e-07
2.508336e-07
2.669851e-06
2.513447e-07
1.413815e-06
1.360389e-05
1.729184e-06
5.594184e-07
1.464941e-07
5.936864e-07
1.146334e-06
3.422010e-07
4.969341e-07
6.002437e-07
3.676642e-07
1.795407e-07
1.481484e-06
5.449915e-06
2.898897e-06
1.515242e-06
2.759319e-07
6.151061e-07
2.247112e-04
4.226616e-05
1.257654e-07
5.224499e-07
4.486275e-07
2.058140e-07
5.510713e-07
2.110955e-07
6.340264e-07
1.230181e-05
2.314880e-07
3.457738e-06
8.122556e-07
9.697422e-07
3.552488e-07
6.755082e-07
3.672787e-06
7.070283e-07
7.448787e-06
1.933931e-06
3.998142e-07
1.036242e-06
5.836407e-07
5.460894e-07
4.185450e-07
6.071532e-07
8.325483e-07
1.353256e-06
3.574341e-07
1.176612e-07
1.813952e-07
1.872957e-04
3.053905e-05
2.962164e-07
2.755604e-07
1.645192e-07
6.166301e-07
3.309595e-07
2.967363e-07
1.377897e-07
7.024695e-07
1.453419e-06
2.462171e-06
2.057066e-06
1.461073e-04
3.780268e-06
8.626749e-07
1.329390e-04
1.233441e-06
1.463867e-06
6.143529e-05
3.978334e-07
5.173716e-07
7.375013e-06
4.254481e-05
8.318969e-06
2.828939e-06
3.640448e-07
2.542379e-07
4.733849e-07
1.467534e-06
9.629228e-07
5.356033e-07
2.303423e-06
2.900149e-06
1.930206e-06
1.171684e-06
2.534052e-05
2.223180e-06
3.650682e-07
1.802719e-06
5.281029e-06
4.678444e-07
4.593889e-07
3.964543e-07
2.840304e-05
2.380076e-05
2.212517e-04
5.307792e-07
1.712281e-07
1.712419e-07
2.237129e-07
8.422336e-06
6.758203e-06
1.401367e-07
1.218194e-06
3.693198e-07
8.717032e-08
1.709456e-07
7.552135e-08
9.375670e-06
4.601420e-07
1.301037e-06
9.986054e-06
2.798966e-06
4.785845e-06
3.766502e-07
2.891568e-07
5.775624e-07
2.959246e-07
1.611650e-04
6.111738e-07
2.884637e-04
3.663586e-06
1.910908e-07
5.665398e-07
7.902131e-07
3.041620e-07
2.777969e-07
1.103498e-06
1.780204e-05
1.034645e-06
1.717799e-07
6.817434e-07
5.513631e-07
6.495945e-07
7.952608e-07
1.511778e-06
1.356636e-06
1.264073e-06
3.499389e-06
3.029808e-07
7.220162e-07
9.704214e-06
9.403564e-07
4.119115e-06
5.546939e-06
8.037699e-07
9.242526e-07
5.518072e-07
6.601318e-06
5.763818e-06
9.916827e-06
1.324608e-06
2.070060e-07
1.251951e-04
2.618568e-06
2.715864e-07
1.239280e-07
3.291409e-07
6.211381e-05
5.326700e-07
6.973637e-07
2.082341e-05
2.035035e-07
5.233189e-07
1.230595e-05
2.145124e-07
4.228550e-06
4.577641e-07
7.307629e-04
8.407154e-05
5.773367e-06
1.115637e-06
4.299966e-06
7.999234e-07
1.632327e-05
3.037798e-07
2.931940e-07
2.230202e-07
2.134798e-06
3.981402e-07
2.761096e-05
1.428716e-06
5.063226e-07
5.010161e-07
1.072885e-06
3.408354e-07
1.199534e-06
8.990775e-06
2.915559e-06
3.142663e-06
3.640785e-07
9.166249e-06
9.594098e-07
1.178192e-06
2.816059e-06
1.107370e-04
4.716339e-05
1.182913e-06
1.877556e-07
2.580559e-07
2.193939e-07
1.205329e-04
3.143671e-07
3.686752e-07
2.859109e-05
1.814283e-07
7.564845e-05
4.950923e-06
9.743824e-07
7.074563e-07
1.379138e-05
2.403273e-05
6.411932e-07
1.702307e-07
8.427674e-07
9.307723e-05
9.472980e-06
3.627113e-07
4.077935e-07
4.618316e-07
6.036901e-07
5.809666e-07
8.501474e-07
1.581714e-04
4.977179e-07
6.505945e-06
1.202475e-05
2.678536e-06
8.792067e-07
1.334971e-05
6.831637e-06
1.269139e-06
1.003051e-04
3.651039e-07
6.128929e-06
5.633910e-06
1.521671e-07
7.290099e-07
3.314306e-07
1.821847e-07
3.211762e-07
3.389717e-07
5.720245e-06
2.262409e-07
1.312531e-05
1.002582e-06
1.237313e-05
6.868388e-06
7.711380e-04
1.996841e-06
1.055735e-05
2.886577e-07
5.862590e-07
8.080701e-07
4.263521e-05
2.022089e-06
2.200202e-04
8.558270e-07
1.464954e-07
2.092717e-06
4.821244e-06
1.072922e-05
4.767076e-07
3.583951e-05
1.273297e-05
2.615481e-06
1.184705e-07
3.841324e-07
1.297384e-06
4.486734e-07
3.441230e-06
5.144793e-07
6.126233e-05
2.683444e-04
5.081224e-07
2.888937e-06
2.107311e-06
3.067597e-07
5.793762e-07
2.439991e-06
7.835807e-06
3.707652e-07
1.997688e-06
3.317612e-06
2.314109e-06
1.295104e-05
1.279745e-03
8.886391e-07
2.929978e-06
4.477706e-07
5.476760e-06
2.601766e-07
6.460850e-07
1.323464e-06
6.493327e-07
4.028488e-07
5.299217e-05
4.259824e-07
2.530397e-07
1.501486e-06
6.808864e-06
4.423635e-07
5.695313e-05
6.006308e-07
5.062286e-07
6.069633e-06
1.798797e-07
3.847061e-07
1.338963e-07
4.191421e-04
3.655091e-07
4.930342e-07
7.887244e-06
1.423586e-07
6.380163e-08
3.208216e-06
2.358049e-07
2.620464e-06
1.527872e-07
1.802677e-07
1.248512e-07
1.961970e-07
2.744931e-07
1.639981e-07
4.836926e-07
1.612180e-07
1.846699e-07
7.812100e-05
6.044772e-05
1.500070e-05
4.227705e-05
6.838522e-05
3.808580e-05
1.024496e-05
5.047007e-07
9.182268e-05
1.866847e-06
5.537987e-07
1.249975e-06
8.838660e-07
7.361656e-06
4.895216e-07
1.345174e-05
2.131972e-07
1.835253e-06
4.963773e-07
2.036527e-03
4.881095e-06
5.871515e-05
2.589850e-07
6.856130e-07
2.547166e-05
3.536936e-07
3.448254e-07
1.669702e-04
3.454426e-07
7.359968e-07
8.963195e-07
1.885201e-06
2.848824e-06
7.447889e-07
2.470051e-05
2.644962e-05
1.578839e-06
1.525219e-06
2.681171e-07
2.627837e-07
1.560610e-05
1.807370e-06
1.706845e-05
2.710867e-07
4.436312e-07
1.097396e-06
1.136550e-06
2.132745e-06
3.401889e-07
3.066467e-07
7.925746e-06
1.407175e-06
5.721981e-07
7.250093e-07
3.744371e-05
2.971314e-06
1.497427e-06
1.647428e-06
3.890177e-06
3.176112e-05
5.040037e-05
7.007203e-08
2.426522e-07
1.432536e-07
8.341636e-07
4.179572e-06
2.176795e-06
2.581000e-07
7.017356e-07
1.906105e-04
3.095901e-07
8.585532e-07
3.209250e-07
1.047965e-05
5.865520e-07
9.582931e-06
2.879935e-07
1.635285e-06
9.275102e-07
2.776576e-04
7.476462e-07
1.450374e-06
6.521338e-06
2.160698e-07
4.592051e-06
1.033812e-06
5.592994e-06
8.739201e-06
2.296414e-07
1.205932e-06
1.124189e-05
4.412791e-07
2.312870e-05
3.388882e-07
4.555665e-07
2.517290e-07
3.667428e-07
5.554352e-07
7.839006e-07
4.551525e-07
1.057187e-06
6.453638e-07
3.054755e-07
7.204250e-07
3.693361e-07
2.968935e-07
3.075210e-07
3.512324e-07
5.755857e-06
1.356028e-06
3.592873e-07
5.861410e-07
1.168920e-05
1.781585e-07
2.312014e-07
3.319778e-05
4.292092e-07
3.904109e-06
7.715053e-07
4.013689e-06
5.511983e-07
7.935535e-06
4.480661e-07
3.480440e-07
4.857226e-07
3.117034e-07
4.394073e-07
1.606978e-07
3.766805e-07
3.495374e-06
4.177805e-07
8.952167e-06
8.857563e-06
1.901511e-06
1.697026e-04
1.058361e-06
1.649195e-07
8.256832e-03
5.508801e-07
2.277660e-04
1.972791e-07
7.386651e-06
2.599297e-07
4.350509e-07
6.041463e-07
7.347574e-07
1.306545e-07
1.714044e-07
1.697093e-06
8.530699e-05
1.230710e-06
5.787942e-06
1.226183e-06
3.935669e-07
4.320785e-07
1.075974e-06
2.222968e-06
1.863935e-07
1.544050e-05
1.086241e-05
3.367277e-07
8.153352e-07
7.176526e-07
1.633979e-06
2.487557e-06
8.771097e-07
4.242759e-06
2.223234e-05
8.326223e-06
4.757550e-05
5.664124e-07
1.171187e-07
1.956421e-06
1.899802e-06
1.501602e-07
1.065840e-06
3.939843e-07
9.103640e-06
4.437417e-07
1.934483e-07
5.618509e-07
1.990455e-06
6.916793e-06
5.783771e-06
9.766258e-07
2.784196e-06
2.892431e-04
4.214108e-07
3.225691e-07
3.247356e-05
1.228311e-07
2.052328e-07
2.104938e-07
1.823122e-04
2.918974e-05
6.771477e-06
2.085010e-07
1.479777e-06
1.556673e-05
5.115607e-06
8.871897e-06
6.659212e-08
2.846046e-05
1.249510e-07
5.624920e-07
9.653212e-07
1.554101e-06
4.626523e-07
9.238062e-07
1.447970e-07
5.379523e-06
3.772686e-06
9.443775e-08
1.045207e-03
4.880194e-07
8.606043e-06
3.991534e-07
1.123051e-06
1.688621e-03
1.677619e-07
8.160084e-07
2.120828e-07
8.270725e-07
2.205859e-07
3.997642e-07
5.525330e-07
3.424463e-07
6.242998e-07
2.290884e-06
6.959724e-06
1.068169e-05
1.778028e-05
1.675933e-07
3.390427e-05
1.262048e-07
2.021437e-07
2.619281e-07
3.554205e-07
