0 0.002182581
1 0.001978411
2 0.001817116
4 0.00166603
5 0.001496569
6 0.001329149
7 0.001259731
8 0.001233189
9 0.001229106
10 0.001204605
11 0.001122937
12 0.001116812
13 0.001108645
14 0.001106603
15 0.001100478
16 0.00109027
17 0.001041269
18 0.001039227
19 0.001020852
20 0.001010643
21 0.001008602
22 0.000996351
23 0.000973893
24 0.000971851
25 0.000971851
26 0.000951434
27 0.000939184
28 0.000931017
29 0.000902433
30 0.000902433
31 0.000892225
32 0.000888141
34 0.000865682
35 0.000841182
36 0.00083914
37 0.00083914
38 0.00083914
39 0.000830973
41 0.000822807
42 0.000816682
43 0.00081464
44 0.000781973
45 0.000779931
46 0.000771764
47 0.000745222
48 0.000732972
49 0.000726847
50 0.000720721
51 0.00071868
52 0.00071868
53 0.000716638
54 0.000712555
55 0.000700304
56 0.000694179
57 0.000692138
58 0.000690096
59 0.000688054
60 0.000686012
61 0.000681929
62 0.000681929
63 0.000673762
64 0.000673762
65 0.000671721
66 0.000671721
67 0.000669679
68 0.000665595
69 0.000657429
70 0.000651304
71 0.00064722
72 0.00064722
73 0.00064722
74 0.000645178
75 0.000643137
76 0.000641095
77 0.000641095
78 0.000637012
79 0.00063497
80 0.00063497
81 0.00063497
82 0.000630886
83 0.000626803
84 0.000624761
85 0.00062272
86 0.000618636
87 0.000616595
88 0.000614553
89 0.000612511
90 0.000612511
91 0.000612511
92 0.000608428
93 0.000608428
94 0.000608428
96 0.000604344
97 0.000602303
98 0.000596178
100 0.000594136
101 0.000594136
102 0.000588011
103 0.000581886
104 0.000579844
105 0.000579844
106 0.000577802
107 0.00057576
108 0.000567594
109 0.000567594
110 0.000567594
111 0.000567594
113 0.000561469
114 0.000559427
115 0.000559427
116 0.00055126
117 0.00055126
118 0.00055126
119 0.000549218
120 0.000549218
121 0.000545135
122 0.000543093
123 0.000541052
124 0.00053901
125 0.000536968
126 0.000534926
127 0.000534926
128 0.000534926
129 0.000532885
130 0.000532885
131 0.000532885
132 0.000530843
133 0.000530843
134 0.000530843
135 0.000528801
136 0.000528801
137 0.00052676
138 0.00052676
139 0.000524718
140 0.000522676
141 0.000520634
142 0.000520634
143 0.000518593
144 0.000518593
145 0.000518593
146 0.000516551
147 0.000512468
148 0.000512468
149 0.000512468
150 0.000512468
151 0.000510426
152 0.000508384
153 0.000504301
154 0.000504301
155 0.000504301
156 0.000504301
157 0.000504301
158 0.000502259
159 0.000502259
160 0.000500217
161 0.000500217
162 0.000500217
163 0.000498176
164 0.000496134
165 0.000496134
166 0.000496134
168 0.000492051
169 0.000492051
170 0.000490009
171 0.000490009
172 0.000490009
173 0.000487967
174 0.000485926
175 0.000485926
176 0.000485926
177 0.000483884
178 0.000483884
179 0.000483884
180 0.000481842
181 0.000481842
182 0.0004798
183 0.0004798
184 0.000477759
185 0.000477759
186 0.000475717
188 0.000475717
189 0.000475717
190 0.000475717
191 0.000475717
192 0.000473675
193 0.000471634
194 0.000471634
195 0.000471634
196 0.000471634
197 0.000469592
198 0.000469592
199 0.000469592
200 0.00046755
201 0.00046755
202 0.00046755
203 0.000465508
204 0.000465508
205 0.000465508
206 0.000463467
207 0.000461425
208 0.000461425
209 0.000461425
210 0.000461425
211 0.000459383
212 0.000459383
213 0.000459383
214 0.000457342
215 0.000457342
216 0.000457342
217 0.0004553
218 0.0004553
219 0.0004553
221 0.000453258
222 0.000453258
223 0.000451217
224 0.000449175
225 0.000449175
226 0.000449175
227 0.000449175
228 0.000449175
229 0.000447133
230 0.000447133
231 0.000447133
232 0.000447133
233 0.000447133
234 0.000447133
235 0.000447133
236 0.000445091
237 0.000445091
239 0.00044305
240 0.00044305
241 0.000441008
242 0.000441008
243 0.000441008
244 0.000438966
245 0.000438966
246 0.000438966
247 0.000438966
248 0.000438966
249 0.000436925
250 0.000436925
251 0.000436925
252 0.000436925
253 0.000436925
254 0.000434883
255 0.000432841
256 0.000432841
257 0.000432841
258 0.0004308
259 0.0004308
260 0.0004308
261 0.000428758
262 0.000428758
263 0.000428758
264 0.000428758
265 0.000428758
266 0.000428758
267 0.000426716
268 0.000424674
269 0.000422633
270 0.000422633
271 0.000422633
272 0.000422633
273 0.000422633
274 0.000422633
275 0.000420591
276 0.000420591
277 0.000420591
278 0.000418549
279 0.000418549
280 0.000418549
281 0.000418549
282 0.000418549
283 0.000416508
284 0.000416508
285 0.000416508
286 0.000414466
287 0.000412424
288 0.000412424
289 0.000412424
290 0.000412424
291 0.000410382
292 0.000410382
293 0.000410382
294 0.000410382
295 0.000408341
296 0.000408341
297 0.000408341
298 0.000408341
299 0.000408341
300 0.000408341
301 0.000406299
302 0.000404257
304 0.000404257
305 0.000402216
306 0.000400174
307 0.000400174
308 0.000398132
309 0.000398132
310 0.000398132
311 0.000398132
312 0.000398132
313 0.000398132
314 0.000398132
315 0.000398132
316 0.000398132
317 0.000396091
318 0.000396091
319 0.000396091
320 0.000396091
321 0.000394049
322 0.000394049
323 0.000394049
324 0.000394049
325 0.000394049
326 0.000394049
327 0.000392007
328 0.000392007
329 0.000392007
330 0.000392007
331 0.000392007
332 0.000392007
333 0.000392007
334 0.000392007
335 0.000389965
336 0.000389965
337 0.000389965
338 0.000389965
339 0.000389965
340 0.000389965
341 0.000389965
342 0.000389965
343 0.000387924
344 0.000387924
345 0.000387924
346 0.000385882
347 0.000385882
348 0.000385882
349 0.000385882
350 0.000385882
352 0.00038384
353 0.00038384
354 0.00038384
355 0.00038384
356 0.00038384
357 0.000381799
358 0.000381799
359 0.000381799
360 0.000381799
361 0.000381799
362 0.000379757
363 0.000379757
364 0.000379757
365 0.000379757
366 0.000377715
367 0.000377715
368 0.000377715
369 0.000375674
372 0.000375674
373 0.000375674
374 0.000375674
375 0.000375674
376 0.000373632
377 0.000373632
378 0.000373632
379 0.000373632
380 0.000373632
381 0.000373632
382 0.000373632
383 0.000373632
384 0.000373632
385 0.00037159
386 0.00037159
387 0.00037159
388 0.00037159
389 0.00037159
390 0.00037159
391 0.00037159
392 0.00037159
393 0.00037159
394 0.00037159
395 0.000369548
396 0.000369548
397 0.000369548
398 0.000369548
400 0.000367507
401 0.000367507
402 0.000365465
403 0.000365465
404 0.000365465
405 0.000365465
406 0.000365465
407 0.000365465
408 0.000363423
409 0.000363423
410 0.000363423
411 0.000363423
412 0.000363423
413 0.000363423
414 0.000363423
415 0.000361382
416 0.000361382
417 0.000361382
418 0.000361382
419 0.000361382
420 0.000361382
421 0.000361382
422 0.000361382
423 0.000361382
424 0.00035934
425 0.00035934
426 0.00035934
427 0.00035934
428 0.00035934
429 0.00035934
430 0.00035934
431 0.00035934
432 0.00035934
433 0.000357298
434 0.000357298
435 0.000357298
436 0.000357298
437 0.000357298
438 0.000357298
439 0.000357298
440 0.000357298
441 0.000357298
442 0.000355256
443 0.000355256
444 0.000355256
445 0.000353215
446 0.000353215
447 0.000353215
448 0.000353215
449 0.000353215
450 0.000353215
451 0.000353215
452 0.000353215
453 0.000353215
454 0.000353215
455 0.000351173
456 0.000351173
457 0.000351173
458 0.000351173
459 0.000351173
460 0.000351173
461 0.000349131
462 0.000349131
464 0.000349131
465 0.000349131
466 0.000349131
467 0.000349131
468 0.000349131
469 0.000349131
470 0.000349131
471 0.000349131
472 0.00034709
473 0.00034709
474 0.00034709
475 0.00034709
476 0.00034709
478 0.00034709
479 0.00034709
480 0.00034709
481 0.00034709
482 0.00034709
483 0.00034709
484 0.00034709
485 0.00034709
486 0.00034709
487 0.00034709
488 0.000345048
489 0.000345048
490 0.000345048
491 0.000345048
492 0.000343006
493 0.000343006
494 0.000343006
495 0.000343006
496 0.000343006
497 0.000343006
498 0.000340965
499 0.000340965
500 0.000340965
501 0.000338923
502 0.000338923
503 0.000338923
504 0.000338923
505 0.000336881
506 0.000336881
507 0.000336881
508 0.000336881
509 0.000336881
510 0.000336881
511 0.000336881
512 0.000336881
513 0.000336881
514 0.000336881
515 0.000336881
516 0.000334839
517 0.000334839
518 0.000334839
519 0.000334839
520 0.000334839
521 0.000334839
522 0.000334839
523 0.000334839
524 0.000334839
525 0.000334839
526 0.000334839
527 0.000332798
528 0.000332798
529 0.000332798
530 0.000332798
531 0.000332798
532 0.000332798
533 0.000332798
534 0.000330756
535 0.000330756
536 0.000330756
537 0.000330756
538 0.000330756
539 0.000330756
540 0.000330756
541 0.000330756
542 0.000328714
543 0.000328714
544 0.000328714
545 0.000328714
546 0.000326673
548 0.000326673
549 0.000326673
550 0.000326673
551 0.000326673
552 0.000326673
553 0.000326673
555 0.000326673
556 0.000324631
557 0.000324631
558 0.000324631
559 0.000324631
560 0.000324631
561 0.000324631
562 0.000324631
563 0.000322589
564 0.000322589
566 0.000322589
567 0.000322589
568 0.000322589
569 0.000322589
570 0.000320548
572 0.000320548
573 0.000320548
574 0.000320548
575 0.000320548
576 0.000320548
577 0.000320548
578 0.000320548
579 0.000318506
580 0.000318506
581 0.000318506
582 0.000318506
583 0.000318506
584 0.000318506
585 0.000318506
586 0.000318506
587 0.000318506
588 0.000318506
589 0.000316464
590 0.000316464
591 0.000316464
592 0.000316464
593 0.000316464
594 0.000316464
595 0.000316464
596 0.000316464
597 0.000316464
598 0.000316464
599 0.000316464
600 0.000316464
601 0.000316464
602 0.000314422
603 0.000314422
604 0.000314422
605 0.000314422
606 0.000314422
607 0.000314422
608 0.000314422
609 0.000314422
610 0.000314422
611 0.000314422
612 0.000314422
613 0.000314422
614 0.000314422
615 0.000314422
616 0.000312381
617 0.000312381
618 0.000312381
619 0.000312381
620 0.000312381
622 0.000312381
623 0.000312381
624 0.000312381
625 0.000312381
626 0.000312381
627 0.000312381
628 0.000312381
629 0.000312381
630 0.000312381
631 0.000312381
632 0.000312381
633 0.000310339
634 0.000310339
635 0.000310339
636 0.000310339
637 0.000310339
638 0.000310339
639 0.000310339
641 0.000310339
642 0.000308297
643 0.000308297
644 0.000308297
645 0.000308297
646 0.000308297
647 0.000308297
648 0.000308297
649 0.000308297
650 0.000308297
651 0.000308297
652 0.000308297
653 0.000308297
654 0.000308297
655 0.000306256
656 0.000306256
657 0.000306256
658 0.000306256
659 0.000306256
660 0.000306256
661 0.000306256
662 0.000306256
663 0.000306256
664 0.000306256
665 0.000306256
666 0.000306256
667 0.000306256
668 0.000306256
669 0.000304214
670 0.000304214
671 0.000304214
672 0.000304214
673 0.000304214
674 0.000304214
675 0.000304214
676 0.000304214
677 0.000304214
678 0.000304214
679 0.000304214
680 0.000304214
681 0.000304214
682 0.000304214
683 0.000304214
684 0.000302172
685 0.000302172
686 0.000302172
687 0.000302172
688 0.000302172
689 0.000302172
690 0.000302172
691 0.000302172
692 0.000302172
693 0.000302172
694 0.000302172
695 0.000302172
696 0.000302172
697 0.00030013
698 0.00030013
699 0.00030013
700 0.00030013
701 0.00030013
702 0.00030013
703 0.00030013
704 0.00030013
705 0.00030013
706 0.00030013
707 0.000298089
708 0.000298089
709 0.000298089
710 0.000298089
711 0.000298089
712 0.000298089
713 0.000298089
714 0.000298089
715 0.000298089
716 0.000298089
717 0.000298089
718 0.000298089
719 0.000298089
720 0.000298089
721 0.000298089
722 0.000296047
724 0.000296047
726 0.000296047
727 0.000296047
728 0.000296047
729 0.000296047
730 0.000296047
731 0.000296047
732 0.000296047
733 0.000296047
734 0.000296047
735 0.000294005
736 0.000294005
737 0.000294005
738 0.000294005
739 0.000294005
740 0.000294005
741 0.000294005
742 0.000294005
743 0.000294005
744 0.000294005
745 0.000294005
746 0.000294005
747 0.000291964
748 0.000291964
749 0.000291964
750 0.000291964
751 0.000291964
752 0.000291964
753 0.000291964
754 0.000291964
755 0.000291964
756 0.000291964
757 0.000291964
758 0.000291964
759 0.000291964
760 0.000291964
761 0.000291964
762 0.000291964
763 0.000291964
764 0.000291964
765 0.000291964
766 0.000291964
767 0.000289922
768 0.000289922
770 0.000289922
771 0.000289922
772 0.000289922
773 0.000289922
774 0.000289922
775 0.000289922
776 0.000289922
777 0.000289922
778 0.000289922
779 0.000289922
780 0.000289922
781 0.00028788
782 0.00028788
783 0.00028788
784 0.00028788
785 0.00028788
786 0.00028788
787 0.00028788
788 0.00028788
789 0.00028788
790 0.00028788
791 0.00028788
792 0.00028788
793 0.00028788
794 0.00028788
795 0.000285839
796 0.000285839
797 0.000285839
798 0.000285839
799 0.000285839
800 0.000285839
801 0.000285839
802 0.000285839
803 0.000285839
804 0.000285839
805 0.000285839
806 0.000285839
807 0.000285839
808 0.000283797
809 0.000283797
810 0.000283797
811 0.000283797
812 0.000283797
813 0.000283797
814 0.000283797
815 0.000283797
816 0.000283797
817 0.000283797
818 0.000283797
819 0.000283797
820 0.000283797
821 0.000281755
822 0.000281755
823 0.000281755
824 0.000281755
825 0.000281755
826 0.000281755
827 0.000281755
828 0.000281755
829 0.000281755
830 0.000281755
831 0.000281755
832 0.000279713
833 0.000279713
835 0.000279713
836 0.000279713
837 0.000279713
838 0.000279713
839 0.000279713
840 0.000279713
841 0.000279713
842 0.000279713
843 0.000279713
844 0.000279713
845 0.000279713
846 0.000279713
847 0.000277672
848 0.000277672
849 0.000277672
850 0.000277672
851 0.000277672
852 0.000277672
853 0.000277672
854 0.000277672
855 0.000277672
856 0.00027563
857 0.00027563
858 0.00027563
859 0.00027563
860 0.00027563
861 0.00027563
862 0.00027563
863 0.00027563
864 0.00027563
865 0.00027563
866 0.00027563
867 0.00027563
868 0.00027563
869 0.00027563
870 0.00027563
871 0.00027563
872 0.00027563
873 0.00027563
874 0.00027563
875 0.00027563
876 0.000273588
877 0.000273588
878 0.000273588
879 0.000273588
880 0.000273588
881 0.000273588
882 0.000273588
883 0.000273588
884 0.000273588
885 0.000273588
886 0.000273588
887 0.000273588
888 0.000273588
889 0.000271547
890 0.000271547
891 0.000271547
892 0.000271547
893 0.000271547
894 0.000271547
895 0.000271547
896 0.000271547
897 0.000271547
898 0.000271547
899 0.000271547
900 0.000271547
901 0.000271547
902 0.000271547
903 0.000269505
904 0.000269505
905 0.000269505
906 0.000269505
907 0.000269505
908 0.000269505
909 0.000269505
910 0.000269505
911 0.000269505
912 0.000269505
913 0.000269505
914 0.000269505
915 0.000269505
916 0.000269505
917 0.000267463
918 0.000267463
919 0.000267463
920 0.000267463
921 0.000267463
922 0.000267463
923 0.000267463
924 0.000267463
925 0.000267463
926 0.000267463
927 0.000267463
928 0.000267463
929 0.000265421
930 0.000265421
931 0.000265421
932 0.000265421
933 0.000265421
934 0.000265421
935 0.000265421
936 0.000265421
937 0.000265421
938 0.000265421
939 0.000265421
940 0.000265421
941 0.000265421
942 0.000265421
943 0.000265421
944 0.000265421
945 0.00026338
946 0.00026338
947 0.00026338
948 0.00026338
949 0.00026338
950 0.00026338
951 0.00026338
952 0.00026338
953 0.00026338
954 0.00026338
955 0.00026338
956 0.00026338
957 0.00026338
958 0.000261338
959 0.000261338
960 0.000261338
961 0.000261338
962 0.000261338
963 0.000261338
964 0.000261338
965 0.000261338
966 0.000261338
967 0.000261338
968 0.000261338
969 0.000261338
970 0.000261338
971 0.000261338
972 0.000261338
973 0.000261338
974 0.000261338
975 0.000261338
976 0.000261338
977 0.000261338
979 0.000259296
980 0.000259296
981 0.000259296
982 0.000259296
983 0.000259296
984 0.000259296
985 0.000259296
986 0.000259296
987 0.000259296
988 0.000259296
989 0.000259296
990 0.000259296
991 0.000259296
992 0.000259296
993 0.000259296
994 0.000259296
995 0.000259296
996 0.000257255
997 0.000257255
998 0.000257255
999 0.000257255
1000 0.000257255
1001 0.000257255
1002 0.000257255
1003 0.000257255
1004 0.000257255
1005 0.000257255
1006 0.000257255
1007 0.000257255
1008 0.000257255
1009 0.000257255
1010 0.000257255
1011 0.000257255
1012 0.000257255
1013 0.000257255
1014 0.000257255
1015 0.000257255
1016 0.000255213
1017 0.000255213
1018 0.000255213
1019 0.000255213
1020 0.000255213
1021 0.000255213
1022 0.000255213
1023 0.000255213
1024 0.000255213
1025 0.000255213
1026 0.000255213
1027 0.000255213
1028 0.000255213
1029 0.000255213
1030 0.000255213
1031 0.000255213
1032 0.000255213
1033 0.000255213
1034 0.000253171
1035 0.000253171
1036 0.000253171
1037 0.000253171
1038 0.000253171
1039 0.000253171
1040 0.000253171
1041 0.000253171
1042 0.000253171
1043 0.000253171
1044 0.000253171
1045 0.000253171
1046 0.000253171
1047 0.000253171
1048 0.000253171
1049 0.000253171
1050 0.000253171
1051 0.000253171
1052 0.000253171
1053 0.00025113
1054 0.00025113
1055 0.00025113
1056 0.00025113
1057 0.00025113
1058 0.00025113
1059 0.00025113
1060 0.00025113
1061 0.00025113
1062 0.00025113
1063 0.00025113
1064 0.00025113
1065 0.00025113
1066 0.00025113
1067 0.00025113
1068 0.000249088
1069 0.000249088
1070 0.000249088
1071 0.000249088
1072 0.000249088
1073 0.000249088
1074 0.000249088
1075 0.000249088
1076 0.000249088
1077 0.000249088
1078 0.000249088
1079 0.000249088
1080 0.000249088
1081 0.000249088
1082 0.000247046
1083 0.000247046
1084 0.000247046
1085 0.000247046
1086 0.000247046
1087 0.000247046
1088 0.000247046
1089 0.000247046
1090 0.000247046
1091 0.000247046
1092 0.000247046
1093 0.000247046
1094 0.000247046
1095 0.000247046
1096 0.000247046
1097 0.000247046
1098 0.000247046
1099 0.000247046
1100 0.000247046
1101 0.000245004
1102 0.000245004
1103 0.000245004
1104 0.000245004
1105 0.000245004
1106 0.000245004
1107 0.000245004
1108 0.000245004
1109 0.000245004
1110 0.000245004
1111 0.000245004
1112 0.000245004
1113 0.000245004
1114 0.000245004
1115 0.000245004
1116 0.000245004
1117 0.000245004
1118 0.000245004
1119 0.000242963
1120 0.000242963
1121 0.000242963
1122 0.000242963
1123 0.000242963
1124 0.000242963
1125 0.000242963
1126 0.000242963
1127 0.000242963
1128 0.000242963
1129 0.000242963
1130 0.000242963
1131 0.000242963
1132 0.000242963
1133 0.000242963
1134 0.000242963
1135 0.000242963
1136 0.000242963
1137 0.000242963
1138 0.000242963
1139 0.000242963
1140 0.000242963
1141 0.000242963
1142 0.000242963
1143 0.000240921
1144 0.000240921
1145 0.000240921
1146 0.000240921
1147 0.000240921
1148 0.000240921
1149 0.000240921
1150 0.000240921
1151 0.000240921
1152 0.000240921
1153 0.000240921
1154 0.000240921
1155 0.000240921
1156 0.000240921
1157 0.000240921
1158 0.000240921
1159 0.000240921
1160 0.000240921
1161 0.000240921
1162 0.000240921
1163 0.000240921
1164 0.000240921
1165 0.000238879
1166 0.000238879
1167 0.000238879
1168 0.000238879
1169 0.000238879
1170 0.000238879
1171 0.000238879
1172 0.000238879
1173 0.000238879
1174 0.000238879
1175 0.000238879
1176 0.000238879
1177 0.000238879
1178 0.000238879
1179 0.000238879
1180 0.000238879
1181 0.000238879
1182 0.000238879
1183 0.000238879
1184 0.000236838
1185 0.000236838
1186 0.000236838
1187 0.000236838
1188 0.000236838
1189 0.000236838
1190 0.000236838
1191 0.000236838
1192 0.000236838
1193 0.000236838
1194 0.000236838
1195 0.000236838
1196 0.000236838
1197 0.000236838
1198 0.000236838
1199 0.000236838
1200 0.000236838
1201 0.000234796
1202 0.000234796
1204 0.000234796
1205 0.000234796
1206 0.000234796
1207 0.000234796
1208 0.000234796
1209 0.000234796
1210 0.000234796
1211 0.000234796
1212 0.000234796
1213 0.000234796
1214 0.000234796
1215 0.000234796
1216 0.000232754
1217 0.000232754
1218 0.000232754
1219 0.000232754
1220 0.000232754
1221 0.000232754
1222 0.000232754
1223 0.000232754
1224 0.000232754
1225 0.000232754
1226 0.000232754
1227 0.000232754
1228 0.000232754
1229 0.000232754
1230 0.000232754
1231 0.000232754
1232 0.000232754
1233 0.000232754
1234 0.000232754
1235 0.000232754
1236 0.000232754
1237 0.000232754
1238 0.000232754
1239 0.000232754
1240 0.000232754
1241 0.000232754
1242 0.000232754
1243 0.000232754
1244 0.000232754
1245 0.000232754
1246 0.000232754
1247 0.000232754
1248 0.000232754
1249 0.000232754
1250 0.000232754
1251 0.000232754
1252 0.000232754
1253 0.000230713
1254 0.000230713
1255 0.000230713
1258 0.000230713
1259 0.000230713
1260 0.000230713
1261 0.000230713
1262 0.000230713
1263 0.000230713
1264 0.000230713
1265 0.000230713
1266 0.000230713
1267 0.000230713
1268 0.000230713
1269 0.000230713
1270 0.000230713
1271 0.000230713
1272 0.000230713
1273 0.000230713
1274 0.000230713
1275 0.000230713
1276 0.000230713
1277 0.000230713
1278 0.000230713
1279 0.000230713
1280 0.000230713
1281 0.000230713
1282 0.000228671
1283 0.000228671
1284 0.000228671
1285 0.000228671
1286 0.000228671
1287 0.000228671
1288 0.000228671
1289 0.000228671
1290 0.000228671
1291 0.000228671
1292 0.000228671
1293 0.000228671
1294 0.000228671
1295 0.000228671
1296 0.000226629
1297 0.000226629
1298 0.000226629
1299 0.000226629
1300 0.000226629
1301 0.000226629
1302 0.000226629
1303 0.000226629
1304 0.000226629
1305 0.000226629
1306 0.000226629
1307 0.000226629
1308 0.000226629
1309 0.000226629
1310 0.000226629
1311 0.000226629
1312 0.000226629
1313 0.000226629
1314 0.000226629
1315 0.000226629
1316 0.000226629
1317 0.000226629
1318 0.000226629
1319 0.000226629
1320 0.000226629
1321 0.000224587
1322 0.000224587
1323 0.000224587
1324 0.000224587
1325 0.000224587
1326 0.000224587
1327 0.000224587
1328 0.000224587
1329 0.000224587
1330 0.000224587
1331 0.000224587
1332 0.000224587
1333 0.000224587
1334 0.000224587
1335 0.000224587
1336 0.000224587
1337 0.000224587
1338 0.000224587
1339 0.000224587
1340 0.000222546
1341 0.000222546
1342 0.000222546
1343 0.000222546
1344 0.000222546
1345 0.000222546
1346 0.000222546
1347 0.000222546
1348 0.000222546
1349 0.000222546
1350 0.000222546
1351 0.000222546
1352 0.000222546
1353 0.000222546
1354 0.000222546
1355 0.000222546
1356 0.000222546
1357 0.000222546
1358 0.000222546
1359 0.000222546
1360 0.000222546
1361 0.000222546
1362 0.000222546
1363 0.000222546
1364 0.000222546
1365 0.000222546
1366 0.000222546
1367 0.000220504
1368 0.000220504
1369 0.000220504
1370 0.000220504
1372 0.000220504
1373 0.000220504
1374 0.000220504
1375 0.000220504
1377 0.000220504
1378 0.000220504
1379 0.000220504
1380 0.000220504
1381 0.000220504
1382 0.000220504
1383 0.000220504
1384 0.000220504
1385 0.000220504
1386 0.000220504
1387 0.000220504
1388 0.000220504
1389 0.000220504
1390 0.000220504
1391 0.000220504
1392 0.000220504
1393 0.000220504
1394 0.000220504
1395 0.000220504
1396 0.000220504
1397 0.000220504
1398 0.000218462
1399 0.000218462
1400 0.000218462
1401 0.000218462
1402 0.000218462
1403 0.000218462
1404 0.000218462
1405 0.000218462
1406 0.000218462
1407 0.000218462
1408 0.000218462
1409 0.000218462
1410 0.000218462
1411 0.000218462
1412 0.000218462
1414 0.000218462
1415 0.000218462
1416 0.000218462
1417 0.000218462
1418 0.000218462
1419 0.000216421
1420 0.000216421
1421 0.000216421
1422 0.000216421
1423 0.000216421
1424 0.000216421
1425 0.000216421
1426 0.000216421
1427 0.000216421
1428 0.000216421
1429 0.000216421
1430 0.000216421
1431 0.000216421
1432 0.000216421
1433 0.000216421
1434 0.000216421
1435 0.000216421
1436 0.000216421
1437 0.000216421
1438 0.000216421
1439 0.000216421
1440 0.000216421
1441 0.000216421
1442 0.000216421
1443 0.000216421
1444 0.000216421
1445 0.000216421
1446 0.000216421
1447 0.000214379
1448 0.000214379
1449 0.000214379
1450 0.000214379
1451 0.000214379
1453 0.000214379
1454 0.000214379
1455 0.000214379
1456 0.000214379
1457 0.000214379
1458 0.000214379
1459 0.000214379
1460 0.000214379
1461 0.000214379
1462 0.000214379
1463 0.000214379
1464 0.000214379
1465 0.000214379
1466 0.000214379
1467 0.000212337
1468 0.000212337
1469 0.000212337
1470 0.000212337
1471 0.000212337
1472 0.000212337
1473 0.000212337
1474 0.000212337
1475 0.000212337
1476 0.000212337
1477 0.000212337
1478 0.000212337
1479 0.000212337
1480 0.000212337
1481 0.000212337
1482 0.000212337
1483 0.000212337
1484 0.000212337
1485 0.000212337
1486 0.000212337
1487 0.000212337
1488 0.000212337
1489 0.000212337
1490 0.000212337
1491 0.000212337
1493 0.000212337
1494 0.000212337
1495 0.000212337
1496 0.000212337
1497 0.000212337
1498 0.000212337
1499 0.000212337
1500 0.000212337
1501 0.000212337
1502 0.000212337
1503 0.000212337
1504 0.000212337
1505 0.000212337
1506 0.000212337
1507 0.000212337
1508 0.000210295
1509 0.000210295
1510 0.000210295
1511 0.000210295
1512 0.000210295
1513 0.000210295
1514 0.000210295
1515 0.000210295
1516 0.000210295
1517 0.000210295
1518 0.000210295
1519 0.000210295
1520 0.000210295
1521 0.000210295
1522 0.000210295
1523 0.000210295
1524 0.000210295
1525 0.000210295
1526 0.000210295
1527 0.000210295
1528 0.000210295
1529 0.000210295
1530 0.000210295
1531 0.000210295
1532 0.000210295
1533 0.000210295
1534 0.000210295
1535 0.000210295
1536 0.000210295
1537 0.000210295
1538 0.000210295
1539 0.000210295
1540 0.000210295
1541 0.000210295
1542 0.000208254
1543 0.000208254
1544 0.000208254
1545 0.000208254
1546 0.000208254
1547 0.000208254
1548 0.000208254
1549 0.000208254
1550 0.000208254
1551 0.000208254
1552 0.000208254
1553 0.000208254
1554 0.000208254
1555 0.000208254
1556 0.000208254
1557 0.000208254
1558 0.000208254
1559 0.000208254
1560 0.000208254
1561 0.000208254
1562 0.000208254
1563 0.000208254
1564 0.000208254
1565 0.000208254
1566 0.000208254
1567 0.000208254
1568 0.000208254
1569 0.000206212
1570 0.000206212
1571 0.000206212
1572 0.000206212
1573 0.000206212
1574 0.000206212
1575 0.000206212
1577 0.000206212
1578 0.000206212
1579 0.000206212
1580 0.000206212
1581 0.000206212
1582 0.000206212
1583 0.000206212
1584 0.000206212
1585 0.000206212
1586 0.000206212
1587 0.000206212
1588 0.000206212
1589 0.000206212
1590 0.000206212
1591 0.000206212
1592 0.000206212
1593 0.000206212
1594 0.000206212
1595 0.000206212
1596 0.000206212
1597 0.000206212
1598 0.000206212
1599 0.000206212
1600 0.000206212
1601 0.000206212
1602 0.000206212
1603 0.000206212
1604 0.000206212
1605 0.000206212
1606 0.000206212
1607 0.000206212
1608 0.00020417
1609 0.00020417
1610 0.00020417
1611 0.00020417
1612 0.00020417
1613 0.00020417
1614 0.00020417
1615 0.00020417
1616 0.00020417
1617 0.00020417
1618 0.00020417
1619 0.00020417
1620 0.00020417
1621 0.00020417
1622 0.00020417
1623 0.00020417
1624 0.00020417
1625 0.00020417
1626 0.00020417
1627 0.00020417
1628 0.00020417
1629 0.00020417
1630 0.00020417
1631 0.00020417
1632 0.00020417
1633 0.00020417
1634 0.00020417
1635 0.00020417
1636 0.00020417
1637 0.00020417
1638 0.00020417
1639 0.00020417
1640 0.00020417
1641 0.00020417
1642 0.000202129
1643 0.000202129
1644 0.000202129
1645 0.000202129
1646 0.000202129
1647 0.000202129
1648 0.000202129
1649 0.000202129
1650 0.000202129
1651 0.000202129
1652 0.000202129
1653 0.000202129
1654 0.000202129
1655 0.000202129
1656 0.000202129
1657 0.000202129
1659 0.000202129
1660 0.000202129
1661 0.000202129
1662 0.000202129
1663 0.000202129
1664 0.000202129
1665 0.000202129
1666 0.000202129
1667 0.000202129
1668 0.000202129
1669 0.000200087
1670 0.000200087
1671 0.000200087
1672 0.000200087
1673 0.000200087
1674 0.000200087
1675 0.000200087
1676 0.000200087
1678 0.000200087
1679 0.000200087
1680 0.000200087
1681 0.000200087
1682 0.000200087
1683 0.000200087
1684 0.000200087
1685 0.000200087
1687 0.000200087
1688 0.000200087
1689 0.000200087
1690 0.000200087
1691 0.000200087
1692 0.000200087
1693 0.000200087
1694 0.000200087
1695 0.000200087
1696 0.000200087
1697 0.000200087
1698 0.000200087
1699 0.000200087
1700 0.000200087
1701 0.000200087
1702 0.000198045
1703 0.000198045
1704 0.000198045
1705 0.000198045
1706 0.000198045
1707 0.000198045
1708 0.000198045
1709 0.000198045
1710 0.000198045
1711 0.000198045
1712 0.000198045
1713 0.000198045
1714 0.000198045
1715 0.000198045
1716 0.000198045
1717 0.000198045
1718 0.000198045
1719 0.000198045
1720 0.000198045
1722 0.000198045
1723 0.000198045
1724 0.000198045
1725 0.000198045
1726 0.000198045
1727 0.000198045
1728 0.000198045
1729 0.000198045
1730 0.000198045
1731 0.000198045
1732 0.000198045
1733 0.000198045
1734 0.000198045
1735 0.000198045
1736 0.000198045
1737 0.000198045
1738 0.000198045
1739 0.000198045
1740 0.000198045
1741 0.000198045
1742 0.000196004
1743 0.000196004
1745 0.000196004
1746 0.000196004
1747 0.000196004
1748 0.000196004
1749 0.000196004
1750 0.000196004
1751 0.000196004
1752 0.000196004
1753 0.000196004
1754 0.000196004
1755 0.000196004
1756 0.000196004
1757 0.000196004
1758 0.000196004
1759 0.000196004
1760 0.000196004
1761 0.000196004
1762 0.000196004
1763 0.000196004
1764 0.000196004
1766 0.000196004
1767 0.000196004
1768 0.000196004
1769 0.000196004
1770 0.000196004
1771 0.000196004
1772 0.000196004
1773 0.000196004
1774 0.000196004
1775 0.000196004
1776 0.000196004
1777 0.000196004
1778 0.000193962
1779 0.000193962
1780 0.000193962
1781 0.000193962
1782 0.000193962
1783 0.000193962
1784 0.000193962
1785 0.000193962
1786 0.000193962
1787 0.000193962
1788 0.000193962
1789 0.000193962
1790 0.000193962
1791 0.000193962
1792 0.000193962
1793 0.000193962
1794 0.000193962
1795 0.000193962
1796 0.000193962
1797 0.000193962
1798 0.000193962
1799 0.000193962
1800 0.000193962
1801 0.000193962
1802 0.000193962
1803 0.000193962
1804 0.000193962
1805 0.000193962
1806 0.000193962
1807 0.000193962
1808 0.000193962
1809 0.000193962
1810 0.000193962
1811 0.000193962
1812 0.000193962
1813 0.000193962
1814 0.000193962
1815 0.000193962
1816 0.000193962
1817 0.000193962
1818 0.00019192
1819 0.00019192
1820 0.00019192
1821 0.00019192
1822 0.00019192
1823 0.00019192
1824 0.00019192
1825 0.00019192
1826 0.00019192
1827 0.00019192
1828 0.00019192
1829 0.00019192
1830 0.00019192
1831 0.00019192
1832 0.00019192
1833 0.00019192
1834 0.00019192
1835 0.00019192
1837 0.00019192
1838 0.00019192
1839 0.00019192
1840 0.00019192
1841 0.00019192
1842 0.00019192
1843 0.00019192
1844 0.00019192
1845 0.00019192
1846 0.00019192
1847 0.00019192
1848 0.00019192
1849 0.00019192
1850 0.00019192
1851 0.00019192
1852 0.000189878
1853 0.000189878
1854 0.000189878
1855 0.000189878
1856 0.000189878
1857 0.000189878
1858 0.000189878
1859 0.000189878
1860 0.000189878
1861 0.000189878
1862 0.000189878
1863 0.000189878
1864 0.000189878
1865 0.000189878
1866 0.000189878
1867 0.000189878
1868 0.000189878
1869 0.000189878
1870 0.000189878
1871 0.000189878
1872 0.000189878
1873 0.000189878
1874 0.000189878
1875 0.000189878
1876 0.000189878
1877 0.000189878
1878 0.000189878
1879 0.000189878
1880 0.000189878
1881 0.000189878
1882 0.000189878
1883 0.000189878
1884 0.000189878
1885 0.000189878
1886 0.000189878
1887 0.000189878
1888 0.000189878
1889 0.000189878
1890 0.000189878
1891 0.000189878
1892 0.000187837
1893 0.000187837
1894 0.000187837
1895 0.000187837
1896 0.000187837
1897 0.000187837
1898 0.000187837
1899 0.000187837
1900 0.000187837
1901 0.000187837
1902 0.000187837
1903 0.000187837
1904 0.000187837
1905 0.000187837
1906 0.000187837
1907 0.000187837
1908 0.000187837
1909 0.000187837
1910 0.000187837
1911 0.000187837
1912 0.000187837
1913 0.000187837
1914 0.000187837
1915 0.000187837
1916 0.000187837
1917 0.000187837
1918 0.000187837
1919 0.000187837
1920 0.000187837
1921 0.000187837
1922 0.000187837
1923 0.000187837
1924 0.000187837
1925 0.000187837
1926 0.000187837
1927 0.000187837
1928 0.000187837
1929 0.000187837
1930 0.000187837
1931 0.000187837
1932 0.000187837
1933 0.000187837
1934 0.000187837
1935 0.000187837
1936 0.000187837
1937 0.000187837
1938 0.000185795
1939 0.000185795
1940 0.000185795
1941 0.000185795
1942 0.000185795
1943 0.000185795
1944 0.000185795
1945 0.000185795
1946 0.000185795
1947 0.000185795
1948 0.000185795
1949 0.000185795
1950 0.000185795
1951 0.000185795
1952 0.000185795
1953 0.000185795
1954 0.000185795
1955 0.000185795
1956 0.000185795
1957 0.000185795
1958 0.000185795
1959 0.000185795
1960 0.000185795
1961 0.000185795
1962 0.000185795
1963 0.000185795
1964 0.000185795
1965 0.000185795
1966 0.000185795
1967 0.000185795
1968 0.000185795
1969 0.000185795
1970 0.000185795
1971 0.000185795
1972 0.000185795
1973 0.000185795
1974 0.000185795
1975 0.000185795
1976 0.000185795
1977 0.000185795
1978 0.000185795
1979 0.000185795
1980 0.000185795
1981 0.000185795
1982 0.000185795
1983 0.000185795
1984 0.000183753
1985 0.000183753
1986 0.000183753
1987 0.000183753
1988 0.000183753
1989 0.000183753
1990 0.000183753
1991 0.000183753
1992 0.000183753
1993 0.000183753
1994 0.000183753
1995 0.000183753
1997 0.000183753
1998 0.000183753
1999 0.000183753
2000 0.000183753
2001 0.000183753
2002 0.000183753
2003 0.000183753
2004 0.000183753
2005 0.000183753
2006 0.000183753
2007 0.000183753
2008 0.000183753
2009 0.000183753
2010 0.000183753
2011 0.000183753
2012 0.000183753
2013 0.000183753
2014 0.000183753
2015 0.000181712
2016 0.000181712
2017 0.000181712
2018 0.000181712
2019 0.000181712
2020 0.000181712
2021 0.000181712
2022 0.000181712
2023 0.000181712
2024 0.000181712
2025 0.000181712
2026 0.000181712
2027 0.000181712
2028 0.000181712
2029 0.000181712
2030 0.000181712
2031 0.000181712
2032 0.000181712
2033 0.000181712
2034 0.000181712
2035 0.000181712
2036 0.000181712
2037 0.000181712
2038 0.000181712
2039 0.000181712
2040 0.000181712
2041 0.000181712
2042 0.000181712
2043 0.000181712
2044 0.000181712
2045 0.000181712
2046 0.000181712
2047 0.000181712
2048 0.000181712
2049 0.000181712
2050 0.000181712
2051 0.000181712
2052 0.000181712
2053 0.000181712
2054 0.000181712
2055 0.000181712
2056 0.000181712
2057 0.000181712
2058 0.000181712
2059 0.000181712
2060 0.000181712
2061 0.000181712
2062 0.00017967
2064 0.00017967
2065 0.00017967
2066 0.00017967
2067 0.00017967
2068 0.00017967
2069 0.00017967
2070 0.00017967
2071 0.00017967
2072 0.00017967
2073 0.00017967
2074 0.00017967
2075 0.00017967
2076 0.00017967
2077 0.00017967
2078 0.00017967
2079 0.00017967
2080 0.00017967
2081 0.00017967
2082 0.00017967
2083 0.00017967
2084 0.00017967
2085 0.00017967
2086 0.00017967
2087 0.00017967
2088 0.00017967
2089 0.00017967
2090 0.00017967
2091 0.00017967
2092 0.00017967
2093 0.00017967
2094 0.00017967
2095 0.00017967
2096 0.00017967
2097 0.00017967
2098 0.00017967
2099 0.00017967
2100 0.000177628
2101 0.000177628
2102 0.000177628
2103 0.000177628
2104 0.000177628
2105 0.000177628
2106 0.000177628
2107 0.000177628
2108 0.000177628
2109 0.000177628
2110 0.000177628
2111 0.000177628
2112 0.000177628
2113 0.000177628
2114 0.000177628
2115 0.000177628
2116 0.000177628
2117 0.000177628
2118 0.000177628
2119 0.000177628
2120 0.000177628
2121 0.000177628
2122 0.000177628
2123 0.000177628
2124 0.000177628
2125 0.000177628
2126 0.000177628
2128 0.000177628
2129 0.000177628
2130 0.000177628
2131 0.000177628
2132 0.000177628
2133 0.000177628
2134 0.000177628
2135 0.000177628
2136 0.000177628
2137 0.000177628
2138 0.000177628
2139 0.000177628
2140 0.000177628
2141 0.000177628
2142 0.000177628
2143 0.000177628
2144 0.000177628
2145 0.000177628
2146 0.000177628
2147 0.000177628
2148 0.000177628
2149 0.000177628
2150 0.000175587
2151 0.000175587
2152 0.000175587
2153 0.000175587
2154 0.000175587
2155 0.000175587
2156 0.000175587
2157 0.000175587
2158 0.000175587
2159 0.000175587
2160 0.000175587
2161 0.000175587
2162 0.000175587
2163 0.000175587
2164 0.000175587
2165 0.000175587
2166 0.000175587
2167 0.000175587
2168 0.000175587
2169 0.000175587
2170 0.000175587
2171 0.000175587
2172 0.000175587
2173 0.000175587
2174 0.000175587
2175 0.000175587
2176 0.000175587
2177 0.000175587
2178 0.000175587
2179 0.000175587
2180 0.000175587
2181 0.000175587
2182 0.000175587
2183 0.000175587
2184 0.000175587
2185 0.000175587
2186 0.000175587
2187 0.000175587
2188 0.000175587
2189 0.000175587
2190 0.000175587
2191 0.000175587
2192 0.000173545
2193 0.000173545
2194 0.000173545
2195 0.000173545
2196 0.000173545
2197 0.000173545
2198 0.000173545
2200 0.000173545
2201 0.000173545
2202 0.000173545
2203 0.000173545
2204 0.000173545
2205 0.000173545
2206 0.000173545
2207 0.000173545
2208 0.000173545
2209 0.000173545
2210 0.000173545
2211 0.000173545
2212 0.000173545
2213 0.000173545
2214 0.000173545
2215 0.000173545
2216 0.000173545
2217 0.000173545
2218 0.000173545
2219 0.000173545
2220 0.000173545
2221 0.000173545
2222 0.000173545
2223 0.000173545
2224 0.000173545
2225 0.000173545
2226 0.000173545
2227 0.000173545
2228 0.000173545
2229 0.000171503
2230 0.000171503
2231 0.000171503
2232 0.000171503
2233 0.000171503
2234 0.000171503
2235 0.000171503
2236 0.000171503
2237 0.000171503
2238 0.000171503
2239 0.000171503
2240 0.000171503
2241 0.000171503
2242 0.000171503
2243 0.000171503
2244 0.000171503
2245 0.000171503
2246 0.000171503
2247 0.000171503
2248 0.000171503
2249 0.000171503
2250 0.000171503
2251 0.000171503
2252 0.000171503
2253 0.000171503
2254 0.000171503
2255 0.000171503
2256 0.000171503
2257 0.000171503
2258 0.000171503
2259 0.000171503
2260 0.000171503
2261 0.000171503
2262 0.000171503
2263 0.000171503
2264 0.000171503
2265 0.000171503
2266 0.000171503
2267 0.000171503
2268 0.000171503
2269 0.000171503
2270 0.000171503
2271 0.000171503
2272 0.000171503
2273 0.000171503
2274 0.000169461
2275 0.000169461
2276 0.000169461
2277 0.000169461
2278 0.000169461
2279 0.000169461
2280 0.000169461
2281 0.000169461
2282 0.000169461
2283 0.000169461
2284 0.000169461
2285 0.000169461
2286 0.000169461
2287 0.000169461
2288 0.000169461
2289 0.000169461
2290 0.000169461
2291 0.000169461
2292 0.000169461
2293 0.000169461
2294 0.000169461
2295 0.000169461
2296 0.000169461
2297 0.000169461
2298 0.000169461
2299 0.000169461
2300 0.000169461
2301 0.000169461
2302 0.000169461
2303 0.00016742
2304 0.00016742
2305 0.00016742
2306 0.00016742
2307 0.00016742
2308 0.00016742
2309 0.00016742
2310 0.00016742
2311 0.00016742
2312 0.00016742
2313 0.00016742
2314 0.00016742
2315 0.00016742
2316 0.00016742
2317 0.00016742
2318 0.00016742
2319 0.00016742
2320 0.00016742
2321 0.00016742
2322 0.00016742
2323 0.00016742
2324 0.00016742
2325 0.00016742
2326 0.00016742
2327 0.00016742
2328 0.00016742
2329 0.00016742
2330 0.00016742
2331 0.00016742
2332 0.00016742
2333 0.00016742
2334 0.000165378
2335 0.000165378
2336 0.000165378
2337 0.000165378
2338 0.000165378
2339 0.000165378
2340 0.000165378
2341 0.000165378
2342 0.000165378
2343 0.000165378
2344 0.000165378
2345 0.000165378
2346 0.000165378
2347 0.000165378
2348 0.000165378
2349 0.000165378
2350 0.000165378
2351 0.000165378
2352 0.000165378
2353 0.000165378
2354 0.000165378
2355 0.000165378
2356 0.000165378
2357 0.000165378
2358 0.000165378
2359 0.000165378
2360 0.000165378
2361 0.000165378
2362 0.000165378
2363 0.000165378
2364 0.000165378
2365 0.000165378
2366 0.000165378
2367 0.000165378
2368 0.000165378
2369 0.000165378
2370 0.000165378
2371 0.000165378
2372 0.000165378
2373 0.000165378
2374 0.000165378
2375 0.000165378
2376 0.000165378
2377 0.000165378
2378 0.000165378
2379 0.000165378
2380 0.000165378
2381 0.000165378
2382 0.000163336
2383 0.000163336
2384 0.000163336
2385 0.000163336
2387 0.000163336
2388 0.000163336
2389 0.000163336
2390 0.000163336
2391 0.000163336
2392 0.000163336
2393 0.000163336
2394 0.000163336
2395 0.000163336
2396 0.000163336
2397 0.000163336
2398 0.000163336
2399 0.000163336
2400 0.000163336
2401 0.000163336
2402 0.000163336
2403 0.000163336
2404 0.000163336
2405 0.000163336
2406 0.000163336
2407 0.000163336
2408 0.000163336
2409 0.000163336
2410 0.000163336
2411 0.000163336
2412 0.000163336
2413 0.000163336
2414 0.000163336
2415 0.000163336
2417 0.000163336
2418 0.000163336
2419 0.000163336
2420 0.000163336
2421 0.000163336
2422 0.000163336
2423 0.000163336
2424 0.000163336
2425 0.000163336
2426 0.000163336
2427 0.000163336
2428 0.000163336
2429 0.000163336
2430 0.000163336
2431 0.000163336
2432 0.000163336
2433 0.000163336
2434 0.000163336
2435 0.000163336
2436 0.000163336
2437 0.000163336
2438 0.000163336
2439 0.000163336
2440 0.000163336
2441 0.000163336
2442 0.000163336
2443 0.000161295
2444 0.000161295
2445 0.000161295
2446 0.000161295
2447 0.000161295
2449 0.000161295
2450 0.000161295
2451 0.000161295
2452 0.000161295
2453 0.000161295
2454 0.000161295
2456 0.000161295
2457 0.000161295
2458 0.000161295
2459 0.000161295
2460 0.000161295
2461 0.000161295
2462 0.000161295
2463 0.000161295
2464 0.000161295
2465 0.000161295
2466 0.000161295
2467 0.000161295
2468 0.000161295
2469 0.000161295
2470 0.000161295
2471 0.000161295
2472 0.000161295
2473 0.000161295
2474 0.000161295
2475 0.000161295
2476 0.000161295
2477 0.000161295
2478 0.000159253
2479 0.000159253
2480 0.000159253
2481 0.000159253
2482 0.000159253
2483 0.000159253
2484 0.000159253
2485 0.000159253
2486 0.000159253
2487 0.000159253
2488 0.000159253
2489 0.000159253
2490 0.000159253
2491 0.000159253
2492 0.000159253
2493 0.000159253
2494 0.000159253
2495 0.000159253
2496 0.000159253
2497 0.000159253
2498 0.000159253
2499 0.000159253
2500 0.000159253
2501 0.000159253
2502 0.000159253
2503 0.000159253
2504 0.000159253
2505 0.000159253
2506 0.000159253
2507 0.000159253
2508 0.000159253
2509 0.000159253
2510 0.000159253
2511 0.000159253
2512 0.000159253
2513 0.000159253
2514 0.000159253
2515 0.000159253
2516 0.000159253
2517 0.000159253
2518 0.000157211
2519 0.000157211
2520 0.000157211
2521 0.000157211
2522 0.000157211
2523 0.000157211
2524 0.000157211
2525 0.000157211
2526 0.000157211
2527 0.000157211
2528 0.000157211
2529 0.000157211
2530 0.000157211
2531 0.000157211
2532 0.000157211
2533 0.000157211
2534 0.000157211
2535 0.000157211
2536 0.000157211
2537 0.000157211
2538 0.000157211
2539 0.000157211
2540 0.000157211
2541 0.000157211
2542 0.000157211
2543 0.000157211
2544 0.000157211
2545 0.000157211
2546 0.000157211
2547 0.000157211
2548 0.000157211
2549 0.000157211
2550 0.000157211
2551 0.000157211
2552 0.000157211
2553 0.000157211
2554 0.000157211
2555 0.000157211
2556 0.000157211
2557 0.000157211
2558 0.000157211
2559 0.000157211
2560 0.000155169
2561 0.000155169
2562 0.000155169
2563 0.000155169
2564 0.000155169
2565 0.000155169
2566 0.000155169
2567 0.000155169
2568 0.000155169
2569 0.000155169
2570 0.000155169
2571 0.000155169
2572 0.000155169
2573 0.000155169
2574 0.000155169
2575 0.000155169
2576 0.000155169
2577 0.000155169
2578 0.000155169
2579 0.000155169
2580 0.000155169
2581 0.000155169
2582 0.000155169
2583 0.000155169
2584 0.000155169
2585 0.000155169
2586 0.000155169
2587 0.000155169
2588 0.000155169
2589 0.000155169
2590 0.000155169
2591 0.000155169
2592 0.000155169
2593 0.000155169
2594 0.000155169
2595 0.000155169
2596 0.000155169
2597 0.000155169
2598 0.000155169
2599 0.000155169
2600 0.000155169
2601 0.000155169
2602 0.000155169
2603 0.000155169
2604 0.000155169
2605 0.000155169
2606 0.000153128
2607 0.000153128
2608 0.000153128
2609 0.000153128
2610 0.000153128
2611 0.000153128
2612 0.000153128
2613 0.000153128
2614 0.000153128
2615 0.000153128
2616 0.000153128
2617 0.000153128
2618 0.000153128
2619 0.000153128
2620 0.000153128
2621 0.000153128
2622 0.000153128
2623 0.000153128
2624 0.000153128
2625 0.000153128
2626 0.000153128
2627 0.000153128
2628 0.000153128
2629 0.000153128
2630 0.000153128
2631 0.000153128
2632 0.000153128
2633 0.000153128
2634 0.000153128
2635 0.000153128
2636 0.000153128
2637 0.000153128
2638 0.000153128
2639 0.000153128
2640 0.000153128
2641 0.000153128
2642 0.000153128
2643 0.000153128
2644 0.000153128
2645 0.000153128
2646 0.000153128
2647 0.000153128
2648 0.000153128
2649 0.000153128
2650 0.000153128
2651 0.000153128
2652 0.000153128
2653 0.000153128
2654 0.000153128
2655 0.000153128
2656 0.000153128
2657 0.000153128
2658 0.000153128
2659 0.000153128
2660 0.000153128
2661 0.000153128
2662 0.000153128
2663 0.000153128
2664 0.000153128
2665 0.000153128
2666 0.000153128
2667 0.000151086
2668 0.000151086
2669 0.000151086
2670 0.000151086
2672 0.000151086
2673 0.000151086
2674 0.000151086
2675 0.000151086
2676 0.000151086
2677 0.000151086
2678 0.000151086
2679 0.000151086
2680 0.000151086
2681 0.000151086
2683 0.000151086
2684 0.000151086
2685 0.000151086
2686 0.000151086
2687 0.000151086
2688 0.000151086
2689 0.000151086
2690 0.000151086
2691 0.000151086
2692 0.000151086
2693 0.000151086
2694 0.000151086
2695 0.000151086
2696 0.000151086
2698 0.000151086
2699 0.000151086
2700 0.000151086
2701 0.000151086
2702 0.000151086
2703 0.000151086
2704 0.000151086
2705 0.000151086
2706 0.000151086
2707 0.000151086
2708 0.000151086
2709 0.000151086
2710 0.000151086
2711 0.000151086
2712 0.000151086
2713 0.000151086
2714 0.000151086
2715 0.000151086
2716 0.000151086
2717 0.000151086
2718 0.000151086
2719 0.000151086
2720 0.000151086
2721 0.000151086
2722 0.000151086
2723 0.000151086
2724 0.000151086
2725 0.000151086
2726 0.000151086
2727 0.000151086
2728 0.000151086
2729 0.000151086
2730 0.000151086
2731 0.000151086
2732 0.000149044
2733 0.000149044
2734 0.000149044
2735 0.000149044
2736 0.000149044
2737 0.000149044
2738 0.000149044
2739 0.000149044
2741 0.000149044
2742 0.000149044
2743 0.000149044
2744 0.000149044
2745 0.000149044
2746 0.000149044
2747 0.000149044
2748 0.000149044
2749 0.000149044
2750 0.000149044
2751 0.000149044
2752 0.000149044
2753 0.000149044
2754 0.000149044
2755 0.000149044
2756 0.000149044
2757 0.000149044
2758 0.000149044
2759 0.000149044
2760 0.000149044
2761 0.000149044
2762 0.000149044
2763 0.000149044
2764 0.000149044
2765 0.000149044
2766 0.000149044
2767 0.000149044
2768 0.000149044
2769 0.000147003
2770 0.000147003
2771 0.000147003
2772 0.000147003
2773 0.000147003
2774 0.000147003
2775 0.000147003
2776 0.000147003
2777 0.000147003
2778 0.000147003
2779 0.000147003
2780 0.000147003
2781 0.000147003
2782 0.000147003
2783 0.000147003
2784 0.000147003
2785 0.000147003
2786 0.000147003
2787 0.000147003
2788 0.000147003
2789 0.000147003
2790 0.000147003
2791 0.000147003
2792 0.000147003
2793 0.000147003
2794 0.000147003
2795 0.000147003
2796 0.000147003
2797 0.000147003
2798 0.000147003
2799 0.000147003
2800 0.000147003
2801 0.000147003
2802 0.000147003
2803 0.000147003
2804 0.000147003
2805 0.000147003
2806 0.000147003
2807 0.000147003
2808 0.000147003
2809 0.000147003
2810 0.000147003
2811 0.000147003
2812 0.000147003
2813 0.000147003
2814 0.000147003
2815 0.000147003
2816 0.000147003
2817 0.000144961
2818 0.000144961
2819 0.000144961
2820 0.000144961
2821 0.000144961
2822 0.000144961
2823 0.000144961
2824 0.000144961
2825 0.000144961
2826 0.000144961
2827 0.000144961
2828 0.000144961
2829 0.000144961
2830 0.000144961
2831 0.000144961
2832 0.000144961
2833 0.000144961
2834 0.000144961
2835 0.000144961
2836 0.000144961
2837 0.000144961
2838 0.000144961
2839 0.000144961
2840 0.000144961
2841 0.000144961
2842 0.000144961
2843 0.000144961
2844 0.000144961
2845 0.000144961
2846 0.000144961
2847 0.000144961
2848 0.000144961
2849 0.000144961
2850 0.000144961
2851 0.000144961
2852 0.000144961
2853 0.000144961
2854 0.000144961
2855 0.000144961
2856 0.000144961
2857 0.000144961
2858 0.000144961
2859 0.000144961
2860 0.000144961
2861 0.000144961
2862 0.000142919
2863 0.000142919
2864 0.000142919
2865 0.000142919
2866 0.000142919
2867 0.000142919
2868 0.000142919
2869 0.000142919
2870 0.000142919
2871 0.000142919
2872 0.000142919
2873 0.000142919
2874 0.000142919
2875 0.000142919
2876 0.000142919
2877 0.000142919
2878 0.000142919
2879 0.000142919
2880 0.000142919
2881 0.000142919
2882 0.000142919
2883 0.000142919
2884 0.000142919
2885 0.000142919
2886 0.000142919
2887 0.000142919
2888 0.000142919
2889 0.000142919
2890 0.000142919
2891 0.000142919
2892 0.000142919
2893 0.000142919
2894 0.000142919
2895 0.000142919
2896 0.000142919
2897 0.000142919
2898 0.000142919
2899 0.000142919
2900 0.000142919
2901 0.000142919
2902 0.000142919
2903 0.000142919
2904 0.000142919
2905 0.000142919
2906 0.000142919
2907 0.000142919
2908 0.000142919
2909 0.000142919
2910 0.000142919
2911 0.000142919
2912 0.000142919
2913 0.000142919
2914 0.000142919
2915 0.000142919
2916 0.000140878
2917 0.000140878
2918 0.000140878
2919 0.000140878
2920 0.000140878
2921 0.000140878
2922 0.000140878
2923 0.000140878
2924 0.000140878
2925 0.000140878
2926 0.000140878
2927 0.000140878
2928 0.000140878
2929 0.000140878
2930 0.000140878
2931 0.000140878
2932 0.000140878
2933 0.000140878
2934 0.000140878
2935 0.000140878
2936 0.000140878
2937 0.000140878
2938 0.000140878
2939 0.000140878
2940 0.000140878
2941 0.000140878
2942 0.000140878
2943 0.000140878
2944 0.000140878
2945 0.000140878
2946 0.000140878
2947 0.000140878
2948 0.000140878
2949 0.000140878
2950 0.000140878
2951 0.000140878
2952 0.000140878
2953 0.000140878
2954 0.000140878
2955 0.000140878
2956 0.000140878
2957 0.000140878
2958 0.000140878
2959 0.000140878
2960 0.000140878
2961 0.000140878
2962 0.000140878
2963 0.000140878
2964 0.000140878
2965 0.000140878
2966 0.000140878
2967 0.000140878
2968 0.000140878
2969 0.000140878
2970 0.000140878
2971 0.000140878
2972 0.000140878
2973 0.000140878
2974 0.000140878
2975 0.000140878
2976 0.000140878
2977 0.000140878
2978 0.000140878
2979 0.000140878
2980 0.000140878
2981 0.000140878
2982 0.000138836
2983 0.000138836
2984 0.000138836
2985 0.000138836
2986 0.000138836
2987 0.000138836
2988 0.000138836
2989 0.000138836
2990 0.000138836
2991 0.000138836
2992 0.000138836
2993 0.000138836
2994 0.000138836
2995 0.000138836
2996 0.000138836
2997 0.000138836
2998 0.000138836
2999 0.000138836
3000 0.000138836
3001 0.000138836
3002 0.000138836
3003 0.000138836
3004 0.000138836
3005 0.000138836
3006 0.000138836
3007 0.000138836
3008 0.000138836
3009 0.000138836
3010 0.000138836
3011 0.000138836
3012 0.000138836
3013 0.000138836
3014 0.000138836
3015 0.000138836
3016 0.000138836
3017 0.000138836
3018 0.000138836
3019 0.000138836
3020 0.000138836
3021 0.000138836
3022 0.000138836
3023 0.000138836
3024 0.000138836
3025 0.000138836
3026 0.000138836
3027 0.000138836
3028 0.000138836
3029 0.000138836
3030 0.000138836
3031 0.000138836
3032 0.000138836
3033 0.000138836
3034 0.000138836
3035 0.000138836
3036 0.000138836
3037 0.000138836
3038 0.000138836
3039 0.000136794
3040 0.000136794
3041 0.000136794
3042 0.000136794
3043 0.000136794
3044 0.000136794
3045 0.000136794
3046 0.000136794
3047 0.000136794
3048 0.000136794
3050 0.000136794
3051 0.000136794
3052 0.000136794
3053 0.000136794
3054 0.000136794
3055 0.000136794
3056 0.000136794
3057 0.000136794
3058 0.000136794
3059 0.000136794
3060 0.000136794
3061 0.000136794
3062 0.000136794
3063 0.000136794
3064 0.000136794
3065 0.000136794
3066 0.000136794
3067 0.000136794
3068 0.000136794
3069 0.000136794
3070 0.000136794
3071 0.000136794
3072 0.000136794
3073 0.000136794
3074 0.000136794
3075 0.000136794
3076 0.000136794
3077 0.000136794
3078 0.000136794
3079 0.000136794
3080 0.000136794
3081 0.000136794
3082 0.000136794
3083 0.000136794
3084 0.000136794
3085 0.000136794
3086 0.000136794
3087 0.000136794
3088 0.000136794
3089 0.000136794
3090 0.000136794
3091 0.000136794
3092 0.000136794
3093 0.000136794
3094 0.000136794
3095 0.000136794
3096 0.000136794
3097 0.000136794
3099 0.000136794
3100 0.000134752
3101 0.000134752
3102 0.000134752
3103 0.000134752
3104 0.000134752
3105 0.000134752
3106 0.000134752
3107 0.000134752
3108 0.000134752
3110 0.000134752
3111 0.000134752
3112 0.000134752
3113 0.000134752
3114 0.000134752
3115 0.000134752
3116 0.000134752
3117 0.000134752
3118 0.000134752
3119 0.000134752
3120 0.000134752
3121 0.000134752
3122 0.000134752
3123 0.000134752
3124 0.000134752
3125 0.000134752
3126 0.000134752
3127 0.000134752
3128 0.000134752
3129 0.000134752
3130 0.000134752
3131 0.000134752
3132 0.000134752
3133 0.000134752
3134 0.000134752
3135 0.000134752
3136 0.000134752
3137 0.000134752
3138 0.000134752
3139 0.000134752
3140 0.000134752
3141 0.000134752
3142 0.000134752
3143 0.000134752
3144 0.000134752
3145 0.000134752
3146 0.000134752
3147 0.000134752
3148 0.000134752
3149 0.000134752
3150 0.000134752
3151 0.000134752
3152 0.000134752
3153 0.000134752
3154 0.000134752
3155 0.000134752
3156 0.000134752
3157 0.000134752
3158 0.000134752
3159 0.000134752
3160 0.000134752
3161 0.000134752
3162 0.000134752
3163 0.000132711
3164 0.000132711
3165 0.000132711
3166 0.000132711
3167 0.000132711
3168 0.000132711
3169 0.000132711
3170 0.000132711
3171 0.000132711
3172 0.000132711
3173 0.000132711
3174 0.000132711
3175 0.000132711
3176 0.000132711
3177 0.000132711
3178 0.000132711
3179 0.000132711
3180 0.000132711
3181 0.000132711
3182 0.000132711
3183 0.000132711
3184 0.000132711
3185 0.000132711
3186 0.000132711
3187 0.000132711
3188 0.000132711
3189 0.000132711
3190 0.000132711
3191 0.000132711
3192 0.000132711
3193 0.000132711
3194 0.000132711
3195 0.000132711
3196 0.000132711
3197 0.000132711
3198 0.000132711
3199 0.000132711
3200 0.000132711
3201 0.000132711
3202 0.000132711
3203 0.000132711
3204 0.000132711
3205 0.000132711
3206 0.000132711
3207 0.000132711
3208 0.000132711
3209 0.000132711
3210 0.000132711
3211 0.000132711
3212 0.000132711
3213 0.000132711
3214 0.000132711
3215 0.000132711
3216 0.000132711
3217 0.000132711
3218 0.000132711
3219 0.000132711
3220 0.000132711
3221 0.000132711
3222 0.000130669
3223 0.000130669
3224 0.000130669
3225 0.000130669
3227 0.000130669
3228 0.000130669
3229 0.000130669
3230 0.000130669
3231 0.000130669
3232 0.000130669
3233 0.000130669
3234 0.000130669
3235 0.000130669
3236 0.000130669
3237 0.000130669
3238 0.000130669
3239 0.000130669
3240 0.000130669
3241 0.000130669
3242 0.000130669
3243 0.000130669
3244 0.000130669
3246 0.000130669
3247 0.000130669
3248 0.000130669
3249 0.000130669
3250 0.000130669
3251 0.000130669
3252 0.000130669
3253 0.000130669
3254 0.000130669
3255 0.000130669
3256 0.000130669
3257 0.000130669
3258 0.000130669
3259 0.000130669
3260 0.000130669
3261 0.000130669
3262 0.000130669
3263 0.000130669
3264 0.000130669
3265 0.000130669
3266 0.000130669
3267 0.000130669
3268 0.000130669
3269 0.000130669
3270 0.000130669
3271 0.000130669
3272 0.000130669
3273 0.000130669
3274 0.000130669
3275 0.000130669
3276 0.000130669
3277 0.000130669
3278 0.000130669
3279 0.000130669
3280 0.000130669
3281 0.000130669
3282 0.000130669
3283 0.000130669
3284 0.000130669
3285 0.000130669
3286 0.000130669
3287 0.000130669
3288 0.000130669
3289 0.000130669
3290 0.000130669
3291 0.000130669
3292 0.000130669
3293 0.000130669
3294 0.000130669
3295 0.000130669
3296 0.000130669
3297 0.000130669
3298 0.000130669
3299 0.000128627
3300 0.000128627
3301 0.000128627
3302 0.000128627
3303 0.000128627
3304 0.000128627
3305 0.000128627
3306 0.000128627
3307 0.000128627
3308 0.000128627
3309 0.000128627
3310 0.000128627
3311 0.000128627
3312 0.000128627
3313 0.000128627
3314 0.000128627
3315 0.000128627
3316 0.000128627
3317 0.000128627
3318 0.000128627
3319 0.000128627
3320 0.000128627
3321 0.000128627
3322 0.000128627
3323 0.000128627
3324 0.000128627
3325 0.000128627
3326 0.000128627
3327 0.000128627
3328 0.000128627
3329 0.000128627
3330 0.000128627
3331 0.000128627
3332 0.000128627
3333 0.000128627
3334 0.000128627
3335 0.000128627
3336 0.000128627
3337 0.000128627
3338 0.000128627
3339 0.000128627
3340 0.000128627
3341 0.000128627
3342 0.000128627
3343 0.000128627
3344 0.000128627
3345 0.000128627
3346 0.000128627
3347 0.000128627
3348 0.000128627
3349 0.000128627
3350 0.000128627
3351 0.000128627
3352 0.000128627
3353 0.000128627
3354 0.000128627
3355 0.000128627
3356 0.000128627
3357 0.000128627
3358 0.000128627
3359 0.000128627
3360 0.000128627
3361 0.000128627
3362 0.000128627
3363 0.000128627
3364 0.000128627
3365 0.000128627
3366 0.000126586
3367 0.000126586
3368 0.000126586
3369 0.000126586
3370 0.000126586
3371 0.000126586
3372 0.000126586
3373 0.000126586
3374 0.000126586
3375 0.000126586
3376 0.000126586
3377 0.000126586
3378 0.000126586
3379 0.000126586
3380 0.000126586
3381 0.000126586
3382 0.000126586
3383 0.000126586
3384 0.000126586
3385 0.000126586
3386 0.000126586
3387 0.000126586
3388 0.000126586
3389 0.000126586
3390 0.000126586
3391 0.000126586
3392 0.000126586
3393 0.000126586
3394 0.000126586
3395 0.000126586
3396 0.000126586
3397 0.000126586
3398 0.000126586
3399 0.000126586
3400 0.000126586
3401 0.000126586
3402 0.000126586
3403 0.000126586
3404 0.000126586
3405 0.000126586
3406 0.000126586
3407 0.000126586
3408 0.000126586
3409 0.000126586
3410 0.000126586
3411 0.000126586
3412 0.000126586
3413 0.000126586
3414 0.000126586
3415 0.000126586
3416 0.000126586
3417 0.000126586
3418 0.000126586
3419 0.000126586
3420 0.000126586
3421 0.000124544
3422 0.000124544
3423 0.000124544
3424 0.000124544
3425 0.000124544
3426 0.000124544
3428 0.000124544
3429 0.000124544
3430 0.000124544
3432 0.000124544
3433 0.000124544
3434 0.000124544
3435 0.000124544
3437 0.000124544
3438 0.000124544
3439 0.000124544
3440 0.000124544
3441 0.000124544
3442 0.000124544
3443 0.000124544
3444 0.000124544
3445 0.000124544
3446 0.000124544
3447 0.000124544
3448 0.000124544
3449 0.000124544
3450 0.000124544
3451 0.000124544
3452 0.000124544
3453 0.000124544
3454 0.000124544
3455 0.000124544
3456 0.000124544
3457 0.000124544
3458 0.000124544
3459 0.000124544
3460 0.000124544
3461 0.000124544
3462 0.000124544
3463 0.000124544
3464 0.000124544
3465 0.000124544
3466 0.000124544
3467 0.000124544
3468 0.000124544
3469 0.000124544
3470 0.000124544
3471 0.000124544
3472 0.000124544
3473 0.000124544
3474 0.000124544
3475 0.000124544
3476 0.000124544
3477 0.000124544
3478 0.000122502
3479 0.000122502
3480 0.000122502
3481 0.000122502
3482 0.000122502
3483 0.000122502
3484 0.000122502
3485 0.000122502
3486 0.000122502
3487 0.000122502
3488 0.000122502
3489 0.000122502
3490 0.000122502
3491 0.000122502
3492 0.000122502
3493 0.000122502
3494 0.000122502
3495 0.000122502
3496 0.000122502
3497 0.000122502
3498 0.000122502
3499 0.000122502
3500 0.000122502
3501 0.000122502
3502 0.000122502
3503 0.000122502
3504 0.000122502
3505 0.000122502
3506 0.000122502
3507 0.000122502
3508 0.000122502
3509 0.000122502
3510 0.000122502
3511 0.000122502
3512 0.000122502
3513 0.000122502
3514 0.000122502
3515 0.000122502
3516 0.000122502
3517 0.000122502
3518 0.000122502
3519 0.000122502
3520 0.000122502
3521 0.000122502
3522 0.000122502
3523 0.000122502
3524 0.000122502
3525 0.000122502
3526 0.000122502
3527 0.000122502
3528 0.000122502
3529 0.000122502
3530 0.000122502
3531 0.000122502
3532 0.000122502
3533 0.000122502
3534 0.000122502
3535 0.000122502
3536 0.000122502
3537 0.000122502
3538 0.000122502
3539 0.000122502
3540 0.000122502
3541 0.000120461
3542 0.000120461
3543 0.000120461
3544 0.000120461
3545 0.000120461
3546 0.000120461
3547 0.000120461
3548 0.000120461
3549 0.000120461
3550 0.000120461
3551 0.000120461
3552 0.000120461
3553 0.000120461
3554 0.000120461
3555 0.000120461
3556 0.000120461
3557 0.000120461
3558 0.000120461
3559 0.000120461
3560 0.000120461
3561 0.000120461
3562 0.000120461
3563 0.000120461
3564 0.000120461
3565 0.000120461
3566 0.000120461
3567 0.000120461
3568 0.000120461
3569 0.000120461
3570 0.000120461
3571 0.000120461
3572 0.000120461
3573 0.000120461
3574 0.000120461
3575 0.000120461
3576 0.000120461
3577 0.000120461
3578 0.000120461
3579 0.000120461
3580 0.000120461
3581 0.000120461
3582 0.000120461
3583 0.000120461
3584 0.000120461
3585 0.000120461
3586 0.000120461
3587 0.000120461
3588 0.000120461
3589 0.000120461
3590 0.000120461
3591 0.000120461
3592 0.000120461
3593 0.000120461
3594 0.000120461
3595 0.000120461
3596 0.000120461
3597 0.000120461
3598 0.000120461
3599 0.000120461
3600 0.000120461
3601 0.000120461
3602 0.000120461
3603 0.000118419
3604 0.000118419
3605 0.000118419
3606 0.000118419
3607 0.000118419
3608 0.000118419
3609 0.000118419
3610 0.000118419
3611 0.000118419
3612 0.000118419
3613 0.000118419
3614 0.000118419
3615 0.000118419
3616 0.000118419
3617 0.000118419
3618 0.000118419
3619 0.000118419
3620 0.000118419
3621 0.000118419
3622 0.000118419
3623 0.000118419
3624 0.000118419
3625 0.000118419
3626 0.000118419
3627 0.000118419
3628 0.000118419
3629 0.000118419
3630 0.000118419
3631 0.000118419
3632 0.000118419
3634 0.000118419
3635 0.000118419
3636 0.000118419
3637 0.000118419
3638 0.000118419
3639 0.000118419
3640 0.000118419
3641 0.000118419
3642 0.000118419
3643 0.000118419
3644 0.000118419
3645 0.000118419
3646 0.000118419
3647 0.000118419
3648 0.000118419
3649 0.000118419
3650 0.000118419
3651 0.000118419
3652 0.000118419
3653 0.000118419
3654 0.000118419
3655 0.000118419
3656 0.000118419
3657 0.000118419
3658 0.000118419
3659 0.000118419
3660 0.000118419
3661 0.000118419
3662 0.000118419
3663 0.000118419
3664 0.000118419
3665 0.000118419
3666 0.000118419
3667 0.000118419
3668 0.000118419
3669 0.000118419
3670 0.000118419
3671 0.000118419
3672 0.000118419
3673 0.000118419
3674 0.000118419
3675 0.000116377
3676 0.000116377
3677 0.000116377
3678 0.000116377
3679 0.000116377
3680 0.000116377
3681 0.000116377
3682 0.000116377
3683 0.000116377
3684 0.000116377
3685 0.000116377
3686 0.000116377
3687 0.000116377
3688 0.000116377
3689 0.000116377
3690 0.000116377
3691 0.000116377
3692 0.000116377
3693 0.000116377
3694 0.000116377
3695 0.000116377
3696 0.000116377
3697 0.000116377
3698 0.000116377
3699 0.000116377
3700 0.000116377
3701 0.000116377
3702 0.000116377
3703 0.000116377
3704 0.000116377
3705 0.000116377
3706 0.000116377
3707 0.000116377
3708 0.000116377
3709 0.000116377
3710 0.000116377
3711 0.000116377
3712 0.000116377
3713 0.000116377
3714 0.000116377
3715 0.000116377
3716 0.000116377
3717 0.000116377
3718 0.000116377
3719 0.000116377
3720 0.000116377
3721 0.000116377
3722 0.000116377
3723 0.000116377
3724 0.000116377
3725 0.000116377
3726 0.000116377
3727 0.000116377
3728 0.000116377
3729 0.000116377
3730 0.000116377
3731 0.000116377
3732 0.000116377
3733 0.000116377
3734 0.000116377
3735 0.000116377
3736 0.000116377
3737 0.000116377
3738 0.000116377
3739 0.000116377
3740 0.000114335
3741 0.000114335
3742 0.000114335
3743 0.000114335
3744 0.000114335
3745 0.000114335
3746 0.000114335
3747 0.000114335
3748 0.000114335
3749 0.000114335
3750 0.000114335
3751 0.000114335
3752 0.000114335
3753 0.000114335
3754 0.000114335
3755 0.000114335
3756 0.000114335
3757 0.000114335
3758 0.000114335
3759 0.000114335
3760 0.000114335
3761 0.000114335
3762 0.000114335
3763 0.000114335
3764 0.000114335
3765 0.000114335
3766 0.000114335
3767 0.000114335
3768 0.000114335
3769 0.000114335
3770 0.000114335
3771 0.000114335
3772 0.000114335
3773 0.000114335
3774 0.000114335
3775 0.000114335
3776 0.000114335
3777 0.000114335
3778 0.000114335
3779 0.000114335
3780 0.000114335
3781 0.000114335
3782 0.000114335
3783 0.000114335
3784 0.000114335
3785 0.000114335
3786 0.000114335
3787 0.000114335
3788 0.000114335
3789 0.000114335
3790 0.000114335
3791 0.000114335
3792 0.000114335
3793 0.000112294
3794 0.000112294
3795 0.000112294
3796 0.000112294
3797 0.000112294
3798 0.000112294
3799 0.000112294
3800 0.000112294
3801 0.000112294
3802 0.000112294
3803 0.000112294
3804 0.000112294
3805 0.000112294
3806 0.000112294
3807 0.000112294
3808 0.000112294
3809 0.000112294
3810 0.000112294
3811 0.000112294
3812 0.000112294
3813 0.000112294
3814 0.000112294
3815 0.000112294
3816 0.000112294
3817 0.000112294
3818 0.000112294
3819 0.000112294
3820 0.000112294
3821 0.000112294
3822 0.000112294
3823 0.000112294
3824 0.000112294
3825 0.000112294
3826 0.000112294
3827 0.000112294
3828 0.000112294
3829 0.000112294
3830 0.000112294
3831 0.000112294
3832 0.000112294
3833 0.000112294
3834 0.000112294
3835 0.000112294
3836 0.000112294
3837 0.000112294
3838 0.000112294
3839 0.000112294
3840 0.000112294
3841 0.000112294
3842 0.000112294
3843 0.000112294
3844 0.000112294
3845 0.000112294
3846 0.000112294
3847 0.000112294
3848 0.000112294
3849 0.000112294
3850 0.000112294
3851 0.000112294
3852 0.000112294
3853 0.000112294
3854 0.000112294
3855 0.000112294
3856 0.000112294
3857 0.000112294
3858 0.000112294
3859 0.000112294
3860 0.000112294
3861 0.000112294
3862 0.000112294
3863 0.000112294
3864 0.000112294
3865 0.000112294
3866 0.000112294
3867 0.000112294
3868 0.000112294
3869 0.000112294
3870 0.000112294
3871 0.000110252
3872 0.000110252
3873 0.000110252
3874 0.000110252
3875 0.000110252
3876 0.000110252
3877 0.000110252
3878 0.000110252
3879 0.000110252
3880 0.000110252
3881 0.000110252
3882 0.000110252
3883 0.000110252
3884 0.000110252
3885 0.000110252
3886 0.000110252
3887 0.000110252
3888 0.000110252
3889 0.000110252
3890 0.000110252
3891 0.000110252
3892 0.000110252
3893 0.000110252
3894 0.000110252
3895 0.000110252
3896 0.000110252
3897 0.000110252
3898 0.000110252
3899 0.000110252
3900 0.000110252
3901 0.000110252
3902 0.000110252
3903 0.000110252
3904 0.000110252
3905 0.000110252
3906 0.000110252
3907 0.000110252
3908 0.000110252
3909 0.000110252
3910 0.000110252
3911 0.000110252
3912 0.000110252
3913 0.000110252
3914 0.000110252
3915 0.000110252
3916 0.000110252
3917 0.000110252
3919 0.00010821
3920 0.00010821
3921 0.00010821
3922 0.00010821
3923 0.00010821
3924 0.00010821
3926 0.00010821
3927 0.00010821
3928 0.00010821
3929 0.00010821
3930 0.00010821
3931 0.00010821
3932 0.00010821
3933 0.00010821
3934 0.00010821
3935 0.00010821
3936 0.00010821
3937 0.00010821
3938 0.00010821
3939 0.00010821
3940 0.00010821
3941 0.00010821
3942 0.00010821
3943 0.00010821
3944 0.00010821
3945 0.00010821
3946 0.00010821
3947 0.00010821
3948 0.00010821
3949 0.00010821
3950 0.00010821
3951 0.00010821
3952 0.00010821
3953 0.00010821
3954 0.00010821
3955 0.00010821
3956 0.00010821
3957 0.00010821
3958 0.00010821
3959 0.00010821
3960 0.00010821
3961 0.00010821
3962 0.00010821
3963 0.00010821
3964 0.00010821
3965 0.000106169
3966 0.000106169
3967 0.000106169
3968 0.000106169
3969 0.000106169
3970 0.000106169
3971 0.000106169
3972 0.000106169
3973 0.000106169
3974 0.000106169
3975 0.000106169
3976 0.000106169
3977 0.000106169
3978 0.000106169
3979 0.000106169
3980 0.000106169
3981 0.000106169
3982 0.000106169
3983 0.000106169
3984 0.000106169
3985 0.000106169
3986 0.000106169
3987 0.000106169
3988 0.000106169
3989 0.000106169
3990 0.000106169
3991 0.000106169
3992 0.000106169
3993 0.000106169
3994 0.000106169
3995 0.000106169
3996 0.000106169
3997 0.000106169
3998 0.000106169
3999 0.000106169
4000 0.000106169
4001 0.000106169
4002 0.000106169
4003 0.000106169
4004 0.000106169
4005 0.000106169
4006 0.000106169
4007 0.000106169
4008 0.000106169
4009 0.000106169
4010 0.000106169
4011 0.000106169
4012 0.000106169
4013 0.000106169
4014 0.000106169
4015 0.000106169
4016 0.000106169
4017 0.000106169
4018 0.000106169
4019 0.000106169
4020 0.000106169
4021 0.000106169
4022 0.000106169
4023 0.000106169
4024 0.000106169
4025 0.000106169
4026 0.000106169
4027 0.000106169
4028 0.000106169
4029 0.000106169
4030 0.000106169
4031 0.000106169
4032 0.000106169
4033 0.000106169
4034 0.000106169
4035 0.000106169
4036 0.000106169
4037 0.000106169
4038 0.000106169
4039 0.000106169
4040 0.000106169
4041 0.000106169
4042 0.000106169
4043 0.000106169
4044 0.000106169
4045 0.000104127
4046 0.000104127
4047 0.000104127
4048 0.000104127
4049 0.000104127
4050 0.000104127
4051 0.000104127
4052 0.000104127
4053 0.000104127
4054 0.000104127
4055 0.000104127
4056 0.000104127
4057 0.000104127
4058 0.000104127
4059 0.000104127
4060 0.000104127
4061 0.000104127
4062 0.000104127
4063 0.000104127
4064 0.000104127
4065 0.000104127
4066 0.000104127
4067 0.000104127
4068 0.000104127
4069 0.000104127
4070 0.000104127
4071 0.000104127
4072 0.000104127
4073 0.000104127
4074 0.000104127
4075 0.000104127
4076 0.000104127
4077 0.000104127
4078 0.000104127
4079 0.000104127
4080 0.000104127
4081 0.000104127
4082 0.000104127
4083 0.000104127
4084 0.000104127
4085 0.000104127
4086 0.000104127
4087 0.000104127
4088 0.000104127
4089 0.000104127
4090 0.000104127
4091 0.000104127
4092 0.000104127
4093 0.000104127
4094 0.000104127
4095 0.000104127
4096 0.000104127
4097 0.000104127
4098 0.000104127
4099 0.000104127
4100 0.000104127
4101 0.000104127
4102 0.000104127
4103 0.000104127
4104 0.000104127
4105 0.000102085
4106 0.000102085
4107 0.000102085
4108 0.000102085
4109 0.000102085
4110 0.000102085
4111 0.000102085
4112 0.000102085
4113 0.000102085
4114 0.000102085
4115 0.000102085
4116 0.000102085
4117 0.000102085
4118 0.000102085
4119 0.000102085
4121 0.000102085
4122 0.000102085
4123 0.000102085
4124 0.000102085
4125 0.000102085
4126 0.000102085
4127 0.000102085
4128 0.000102085
4129 0.000102085
4130 0.000102085
4131 0.000102085
4132 0.000102085
4133 0.000102085
4134 0.000102085
4135 0.000102085
4136 0.000102085
4137 0.000102085
4138 0.000102085
4139 0.000102085
4140 0.000102085
4141 0.000102085
4142 0.000102085
4143 0.000102085
4144 0.000102085
4145 0.000102085
4146 0.000102085
4147 0.000102085
4148 0.000102085
4149 0.000102085
4150 0.000102085
4151 0.000102085
4152 0.000102085
4153 0.000102085
4154 0.000102085
4155 0.000102085
4156 0.000102085
4157 0.000102085
4158 0.000102085
4159 0.000102085
4160 0.000100043
4161 0.000100043
4162 0.000100043
4163 0.000100043
4164 0.000100043
4165 0.000100043
4166 0.000100043
4167 0.000100043
4168 0.000100043
4169 0.000100043
4170 0.000100043
4171 0.000100043
4172 0.000100043
4173 0.000100043
4174 0.000100043
4175 0.000100043
4176 0.000100043
4177 0.000100043
4178 0.000100043
4179 0.000100043
4180 0.000100043
4181 0.000100043
4182 0.000100043
4183 0.000100043
4184 0.000100043
4185 0.000100043
4186 0.000100043
4187 0.000100043
4188 0.000100043
4189 0.000100043
4190 0.000100043
4191 0.000100043
4192 0.000100043
4193 0.000100043
4194 0.000100043
4195 0.000100043
4196 0.000100043
4197 0.000100043
4198 0.000100043
4199 0.000100043
4200 0.000100043
4201 0.000100043
4202 0.000100043
4203 0.000100043
4204 0.000100043
4205 0.000100043
4206 0.000100043
4207 0.000100043
4208 0.000100043
4209 0.000100043
4210 0.000100043
4211 0.000100043
4212 0.000100043
4213 0.000100043
4214 0.000100043
4215 0.000100043
4216 0.000100043
4217 0.000100043
4218 0.000100043
4219 0.000100043
4220 0.000100043
4221 0.000100043
4222 0.000100043
4223 0.000100043
4224 0.000100043
4225 0.000100043
4226 0.000100043
4227 0.000100043
4228 0.000100043
4229 0.000100043
4230 0.000100043
4231 0.000100043
4232 0.000100043
4233 9.80018E-05
4234 9.80018E-05
4235 9.80018E-05
4236 9.80018E-05
4237 9.80018E-05
4238 9.80018E-05
4239 9.80018E-05
4240 9.80018E-05
4241 9.80018E-05
4242 9.80018E-05
4243 9.80018E-05
4244 9.80018E-05
4245 9.80018E-05
4246 9.80018E-05
4247 9.80018E-05
4248 9.80018E-05
4249 9.80018E-05
4250 9.80018E-05
4251 9.80018E-05
4252 9.80018E-05
4253 9.80018E-05
4254 9.80018E-05
4255 9.80018E-05
4256 9.80018E-05
4257 9.80018E-05
4258 9.80018E-05
4259 9.80018E-05
4260 9.80018E-05
4261 9.80018E-05
4262 9.80018E-05
4263 9.80018E-05
4264 9.80018E-05
4265 9.80018E-05
4266 9.80018E-05
4267 9.80018E-05
4268 9.80018E-05
4269 9.80018E-05
4270 9.80018E-05
4271 9.80018E-05
4272 9.80018E-05
4273 9.80018E-05
4274 9.80018E-05
4275 9.80018E-05
4276 9.80018E-05
4277 9.80018E-05
4278 9.80018E-05
4279 9.80018E-05
4280 9.80018E-05
4281 9.80018E-05
4282 9.80018E-05
4283 9.80018E-05
4284 9.80018E-05
4285 9.80018E-05
4286 9.80018E-05
4287 9.80018E-05
4288 9.80018E-05
4289 9.80018E-05
4290 9.80018E-05
4291 9.80018E-05
4292 9.59601E-05
4293 9.59601E-05
4294 9.59601E-05
4295 9.59601E-05
4296 9.59601E-05
4297 9.59601E-05
4298 9.59601E-05
4299 9.59601E-05
4300 9.59601E-05
4301 9.59601E-05
4302 9.59601E-05
4303 9.59601E-05
4304 9.59601E-05
4305 9.59601E-05
4306 9.59601E-05
4307 9.59601E-05
4308 9.59601E-05
4309 9.59601E-05
4310 9.59601E-05
4311 9.59601E-05
4312 9.59601E-05
4313 9.59601E-05
4314 9.59601E-05
4315 9.59601E-05
4316 9.59601E-05
4317 9.59601E-05
4318 9.59601E-05
4319 9.59601E-05
4320 9.59601E-05
4321 9.59601E-05
4322 9.59601E-05
4323 9.59601E-05
4324 9.59601E-05
4325 9.59601E-05
4326 9.59601E-05
4327 9.59601E-05
4328 9.59601E-05
4329 9.59601E-05
4330 9.59601E-05
4331 9.59601E-05
4332 9.59601E-05
4333 9.59601E-05
4334 9.59601E-05
4335 9.59601E-05
4336 9.59601E-05
4337 9.59601E-05
4338 9.59601E-05
4339 9.59601E-05
4340 9.59601E-05
4341 9.59601E-05
4342 9.59601E-05
4343 9.59601E-05
4344 9.59601E-05
4345 9.59601E-05
4346 9.59601E-05
4347 9.59601E-05
4348 9.59601E-05
4349 9.59601E-05
4350 9.59601E-05
4351 9.59601E-05
4352 9.59601E-05
4353 9.59601E-05
4354 9.59601E-05
4355 9.59601E-05
4356 9.59601E-05
4357 9.39184E-05
4358 9.39184E-05
4359 9.39184E-05
4360 9.39184E-05
4361 9.39184E-05
4362 9.39184E-05
4363 9.39184E-05
4364 9.39184E-05
4365 9.39184E-05
4366 9.39184E-05
4367 9.39184E-05
4368 9.39184E-05
4369 9.39184E-05
4370 9.39184E-05
4371 9.39184E-05
4372 9.39184E-05
4373 9.39184E-05
4374 9.39184E-05
4375 9.39184E-05
4376 9.39184E-05
4377 9.39184E-05
4378 9.39184E-05
4379 9.39184E-05
4380 9.39184E-05
4381 9.39184E-05
4382 9.39184E-05
4383 9.39184E-05
4384 9.39184E-05
4385 9.39184E-05
4386 9.39184E-05
4387 9.39184E-05
4388 9.39184E-05
4389 9.39184E-05
4390 9.39184E-05
4391 9.39184E-05
4392 9.39184E-05
4393 9.39184E-05
4394 9.39184E-05
4395 9.39184E-05
4396 9.39184E-05
4397 9.39184E-05
4398 9.39184E-05
4399 9.39184E-05
4400 9.39184E-05
4401 9.39184E-05
4402 9.39184E-05
4403 9.39184E-05
4404 9.39184E-05
4405 9.39184E-05
4406 9.39184E-05
4407 9.39184E-05
4408 9.39184E-05
4409 9.39184E-05
4410 9.39184E-05
4411 9.18767E-05
4412 9.18767E-05
4413 9.18767E-05
4414 9.18767E-05
4415 9.18767E-05
4416 9.18767E-05
4418 9.18767E-05
4419 9.18767E-05
4420 9.18767E-05
4421 9.18767E-05
4422 9.18767E-05
4423 9.18767E-05
4424 9.18767E-05
4425 9.18767E-05
4426 9.18767E-05
4427 9.18767E-05
4428 9.18767E-05
4430 9.18767E-05
4431 9.18767E-05
4432 9.18767E-05
4433 9.18767E-05
4434 9.18767E-05
4435 9.18767E-05
4436 9.18767E-05
4437 9.18767E-05
4438 9.18767E-05
4439 9.18767E-05
4440 9.18767E-05
4441 9.18767E-05
4442 9.18767E-05
4443 9.18767E-05
4444 9.18767E-05
4445 9.18767E-05
4446 9.18767E-05
4447 9.18767E-05
4448 9.18767E-05
4449 9.18767E-05
4450 9.18767E-05
4451 9.18767E-05
4452 9.18767E-05
4453 9.18767E-05
4454 9.18767E-05
4455 9.18767E-05
4456 9.18767E-05
4457 9.18767E-05
4458 9.18767E-05
4459 9.18767E-05
4460 9.18767E-05
4461 9.18767E-05
4462 9.18767E-05
4463 9.18767E-05
4464 9.18767E-05
4465 9.18767E-05
4466 9.18767E-05
4467 9.18767E-05
4468 9.18767E-05
4469 9.18767E-05
4470 9.18767E-05
4471 9.18767E-05
4472 9.18767E-05
4473 9.18767E-05
4474 8.9835E-05
4475 8.9835E-05
4476 8.9835E-05
4477 8.9835E-05
4478 8.9835E-05
4479 8.9835E-05
4480 8.9835E-05
4481 8.9835E-05
4482 8.9835E-05
4483 8.9835E-05
4484 8.9835E-05
4485 8.9835E-05
4486 8.9835E-05
4487 8.9835E-05
4488 8.9835E-05
4489 8.9835E-05
4490 8.9835E-05
4491 8.9835E-05
4492 8.9835E-05
4493 8.9835E-05
4494 8.9835E-05
4495 8.9835E-05
4496 8.9835E-05
4497 8.9835E-05
4498 8.9835E-05
4499 8.9835E-05
4500 8.9835E-05
4501 8.9835E-05
4502 8.9835E-05
4503 8.9835E-05
4504 8.9835E-05
4505 8.9835E-05
4506 8.9835E-05
4507 8.9835E-05
4508 8.9835E-05
4509 8.9835E-05
4510 8.9835E-05
4511 8.9835E-05
4512 8.9835E-05
4513 8.9835E-05
4514 8.9835E-05
4515 8.9835E-05
4516 8.9835E-05
4517 8.9835E-05
4518 8.9835E-05
4519 8.9835E-05
4520 8.9835E-05
4521 8.9835E-05
4522 8.9835E-05
4523 8.77933E-05
4524 8.77933E-05
4525 8.77933E-05
4526 8.77933E-05
4527 8.77933E-05
4528 8.77933E-05
4529 8.77933E-05
4530 8.77933E-05
4531 8.77933E-05
4532 8.77933E-05
4533 8.77933E-05
4534 8.77933E-05
4535 8.77933E-05
4536 8.77933E-05
4537 8.77933E-05
4538 8.77933E-05
4539 8.77933E-05
4540 8.77933E-05
4541 8.77933E-05
4542 8.77933E-05
4543 8.77933E-05
4544 8.77933E-05
4545 8.77933E-05
4546 8.77933E-05
4547 8.77933E-05
4548 8.77933E-05
4549 8.77933E-05
4550 8.77933E-05
4551 8.77933E-05
4552 8.77933E-05
4553 8.77933E-05
4554 8.77933E-05
4555 8.77933E-05
4556 8.77933E-05
4557 8.77933E-05
4558 8.77933E-05
4559 8.77933E-05
4560 8.77933E-05
4561 8.77933E-05
4562 8.77933E-05
4563 8.77933E-05
4564 8.77933E-05
4565 8.77933E-05
4566 8.77933E-05
4567 8.77933E-05
4568 8.77933E-05
4569 8.77933E-05
4570 8.77933E-05
4571 8.77933E-05
4572 8.77933E-05
4573 8.77933E-05
4574 8.77933E-05
4575 8.77933E-05
4576 8.77933E-05
4577 8.77933E-05
4578 8.77933E-05
4579 8.77933E-05
4580 8.77933E-05
4581 8.57516E-05
4582 8.57516E-05
4583 8.57516E-05
4584 8.57516E-05
4585 8.57516E-05
4586 8.57516E-05
4587 8.57516E-05
4588 8.57516E-05
4589 8.57516E-05
4590 8.57516E-05
4592 8.57516E-05
4593 8.57516E-05
4594 8.57516E-05
4595 8.57516E-05
4596 8.57516E-05
4597 8.57516E-05
4598 8.57516E-05
4599 8.57516E-05
4600 8.57516E-05
4601 8.57516E-05
4603 8.57516E-05
4604 8.57516E-05
4605 8.57516E-05
4606 8.57516E-05
4607 8.57516E-05
4608 8.57516E-05
4609 8.57516E-05
4610 8.57516E-05
4611 8.57516E-05
4612 8.57516E-05
4613 8.57516E-05
4614 8.57516E-05
4615 8.57516E-05
4616 8.57516E-05
4617 8.57516E-05
4618 8.57516E-05
4619 8.57516E-05
4620 8.57516E-05
4621 8.57516E-05
4622 8.57516E-05
4623 8.57516E-05
4624 8.57516E-05
4625 8.57516E-05
4626 8.57516E-05
4627 8.57516E-05
4628 8.57516E-05
4629 8.57516E-05
4630 8.57516E-05
4631 8.57516E-05
4632 8.57516E-05
4633 8.57516E-05
4634 8.57516E-05
4635 8.57516E-05
4636 8.57516E-05
4637 8.57516E-05
4638 8.57516E-05
4639 8.37099E-05
4640 8.37099E-05
4641 8.37099E-05
4642 8.37099E-05
4644 8.37099E-05
4645 8.37099E-05
4646 8.37099E-05
4647 8.37099E-05
4648 8.37099E-05
4649 8.37099E-05
4650 8.37099E-05
4651 8.37099E-05
4652 8.37099E-05
4653 8.37099E-05
4654 8.37099E-05
4655 8.37099E-05
4656 8.37099E-05
4657 8.37099E-05
4658 8.37099E-05
4659 8.37099E-05
4660 8.37099E-05
4661 8.37099E-05
4662 8.37099E-05
4663 8.37099E-05
4664 8.37099E-05
4665 8.37099E-05
4666 8.37099E-05
4667 8.37099E-05
4668 8.37099E-05
4669 8.37099E-05
4670 8.37099E-05
4671 8.37099E-05
4672 8.37099E-05
4673 8.37099E-05
4674 8.37099E-05
4675 8.37099E-05
4676 8.37099E-05
4677 8.37099E-05
4678 8.37099E-05
4679 8.37099E-05
4680 8.37099E-05
4681 8.37099E-05
4682 8.37099E-05
4683 8.37099E-05
4684 8.37099E-05
4685 8.37099E-05
4686 8.37099E-05
4687 8.37099E-05
4688 8.37099E-05
4689 8.37099E-05
4690 8.37099E-05
4691 8.37099E-05
4692 8.37099E-05
4693 8.37099E-05
4694 8.37099E-05
4695 8.37099E-05
4696 8.37099E-05
4697 8.37099E-05
4698 8.37099E-05
4699 8.37099E-05
4700 8.37099E-05
4701 8.37099E-05
4702 8.37099E-05
4703 8.37099E-05
4704 8.37099E-05
4705 8.37099E-05
4706 8.37099E-05
4707 8.37099E-05
4708 8.37099E-05
4709 8.37099E-05
4710 8.16682E-05
4711 8.16682E-05
4712 8.16682E-05
4713 8.16682E-05
4714 8.16682E-05
4715 8.16682E-05
4716 8.16682E-05
4717 8.16682E-05
4718 8.16682E-05
4719 8.16682E-05
4720 8.16682E-05
4721 8.16682E-05
4722 8.16682E-05
4723 8.16682E-05
4724 8.16682E-05
4725 8.16682E-05
4726 8.16682E-05
4727 8.16682E-05
4728 8.16682E-05
4729 8.16682E-05
4730 8.16682E-05
4731 8.16682E-05
4732 8.16682E-05
4733 8.16682E-05
4734 8.16682E-05
4735 8.16682E-05
4736 8.16682E-05
4737 8.16682E-05
4738 8.16682E-05
4739 8.16682E-05
4740 8.16682E-05
4741 8.16682E-05
4742 8.16682E-05
4743 8.16682E-05
4744 8.16682E-05
4745 8.16682E-05
4746 8.16682E-05
4747 8.16682E-05
4748 8.16682E-05
4749 8.16682E-05
4750 8.16682E-05
4751 8.16682E-05
4752 8.16682E-05
4753 8.16682E-05
4754 8.16682E-05
4755 8.16682E-05
4756 8.16682E-05
4757 8.16682E-05
4758 8.16682E-05
4759 8.16682E-05
4760 8.16682E-05
4761 8.16682E-05
4762 8.16682E-05
4763 8.16682E-05
4764 8.16682E-05
4765 8.16682E-05
4766 8.16682E-05
4767 8.16682E-05
4768 7.96264E-05
4769 7.96264E-05
4770 7.96264E-05
4771 7.96264E-05
4772 7.96264E-05
4773 7.96264E-05
4774 7.96264E-05
4775 7.96264E-05
4776 7.96264E-05
4777 7.96264E-05
4778 7.96264E-05
4779 7.96264E-05
4780 7.96264E-05
4781 7.96264E-05
4782 7.96264E-05
4783 7.96264E-05
4784 7.96264E-05
4785 7.96264E-05
4786 7.96264E-05
4787 7.96264E-05
4788 7.96264E-05
4789 7.96264E-05
4790 7.96264E-05
4791 7.96264E-05
4792 7.96264E-05
4793 7.96264E-05
4794 7.96264E-05
4795 7.96264E-05
4796 7.96264E-05
4797 7.96264E-05
4798 7.96264E-05
4799 7.96264E-05
4800 7.96264E-05
4801 7.96264E-05
4802 7.96264E-05
4803 7.96264E-05
4804 7.96264E-05
4805 7.96264E-05
4806 7.96264E-05
4807 7.96264E-05
4808 7.96264E-05
4809 7.96264E-05
4810 7.96264E-05
4811 7.96264E-05
4812 7.96264E-05
4813 7.96264E-05
4814 7.96264E-05
4815 7.96264E-05
4817 7.96264E-05
4818 7.96264E-05
4819 7.96264E-05
4820 7.96264E-05
4821 7.75847E-05
4822 7.75847E-05
4823 7.75847E-05
4824 7.75847E-05
4825 7.75847E-05
4826 7.75847E-05
4827 7.75847E-05
4828 7.75847E-05
4829 7.75847E-05
4830 7.75847E-05
4831 7.75847E-05
4832 7.75847E-05
4833 7.75847E-05
4834 7.75847E-05
4835 7.75847E-05
4836 7.75847E-05
4837 7.75847E-05
4838 7.75847E-05
4839 7.75847E-05
4840 7.75847E-05
4841 7.75847E-05
4842 7.75847E-05
4843 7.75847E-05
4844 7.75847E-05
4845 7.75847E-05
4846 7.75847E-05
4847 7.75847E-05
4848 7.75847E-05
4849 7.75847E-05
4850 7.75847E-05
4851 7.75847E-05
4852 7.75847E-05
4853 7.75847E-05
4854 7.75847E-05
4855 7.75847E-05
4856 7.75847E-05
4857 7.75847E-05
4858 7.75847E-05
4859 7.75847E-05
4860 7.75847E-05
4861 7.75847E-05
4862 7.75847E-05
4863 7.75847E-05
4864 7.75847E-05
4865 7.5543E-05
4866 7.5543E-05
4867 7.5543E-05
4868 7.5543E-05
4869 7.5543E-05
4870 7.5543E-05
4871 7.5543E-05
4872 7.5543E-05
4873 7.5543E-05
4874 7.5543E-05
4875 7.5543E-05
4876 7.5543E-05
4877 7.5543E-05
4878 7.5543E-05
4879 7.5543E-05
4880 7.5543E-05
4881 7.5543E-05
4882 7.5543E-05
4883 7.5543E-05
4884 7.5543E-05
4885 7.5543E-05
4886 7.5543E-05
4887 7.5543E-05
4888 7.5543E-05
4889 7.5543E-05
4890 7.5543E-05
4891 7.5543E-05
4892 7.5543E-05
4893 7.5543E-05
4894 7.5543E-05
4895 7.5543E-05
4896 7.5543E-05
4897 7.5543E-05
4898 7.5543E-05
4899 7.5543E-05
4900 7.5543E-05
4901 7.5543E-05
4902 7.5543E-05
4903 7.5543E-05
4904 7.5543E-05
4905 7.5543E-05
4906 7.5543E-05
4907 7.5543E-05
4908 7.5543E-05
4909 7.5543E-05
4910 7.5543E-05
4911 7.5543E-05
4912 7.5543E-05
4913 7.5543E-05
4914 7.5543E-05
4915 7.5543E-05
4916 7.5543E-05
4917 7.5543E-05
4918 7.5543E-05
4919 7.5543E-05
4920 7.5543E-05
4921 7.5543E-05
4922 7.5543E-05
4923 7.5543E-05
4924 7.5543E-05
4925 7.35013E-05
4926 7.35013E-05
4927 7.35013E-05
4928 7.35013E-05
4929 7.35013E-05
4930 7.35013E-05
4931 7.35013E-05
4933 7.35013E-05
4934 7.35013E-05
4935 7.35013E-05
4936 7.35013E-05
4937 7.35013E-05
4938 7.35013E-05
4939 7.35013E-05
4940 7.35013E-05
4941 7.35013E-05
4942 7.35013E-05
4943 7.35013E-05
4944 7.35013E-05
4945 7.35013E-05
4946 7.35013E-05
4947 7.35013E-05
4948 7.35013E-05
4949 7.35013E-05
4950 7.35013E-05
4951 7.35013E-05
4952 7.35013E-05
4953 7.35013E-05
4954 7.35013E-05
4955 7.35013E-05
4956 7.35013E-05
4957 7.35013E-05
4958 7.35013E-05
4959 7.35013E-05
4960 7.35013E-05
4961 7.35013E-05
4962 7.35013E-05
4963 7.35013E-05
4964 7.35013E-05
4965 7.35013E-05
4966 7.35013E-05
4967 7.35013E-05
4968 7.35013E-05
4969 7.35013E-05
4970 7.35013E-05
4971 7.35013E-05
4972 7.14596E-05
4973 7.14596E-05
4974 7.14596E-05
4975 7.14596E-05
4976 7.14596E-05
4977 7.14596E-05
4978 7.14596E-05
4979 7.14596E-05
4980 7.14596E-05
4981 7.14596E-05
4982 7.14596E-05
4983 7.14596E-05
4985 7.14596E-05
4986 7.14596E-05
4987 7.14596E-05
4988 7.14596E-05
4989 7.14596E-05
4990 7.14596E-05
4991 7.14596E-05
4992 7.14596E-05
4993 7.14596E-05
4994 7.14596E-05
4995 7.14596E-05
4996 7.14596E-05
4997 7.14596E-05
4998 7.14596E-05
4999 7.14596E-05
5000 7.14596E-05
5001 7.14596E-05
5002 7.14596E-05
5003 7.14596E-05
5004 7.14596E-05
5005 7.14596E-05
5006 7.14596E-05
5007 7.14596E-05
5008 7.14596E-05
5009 7.14596E-05
5010 7.14596E-05
5011 7.14596E-05
5012 7.14596E-05
5013 7.14596E-05
5014 7.14596E-05
5015 7.14596E-05
5016 7.14596E-05
5017 7.14596E-05
5018 7.14596E-05
5019 7.14596E-05
5020 7.14596E-05
5021 7.14596E-05
5022 7.14596E-05
5023 7.14596E-05
5024 7.14596E-05
5025 7.14596E-05
5026 7.14596E-05
5027 7.14596E-05
5028 6.94179E-05
5029 6.94179E-05
5030 6.94179E-05
5031 6.94179E-05
5032 6.94179E-05
5033 6.94179E-05
5034 6.94179E-05
5035 6.94179E-05
5036 6.94179E-05
5037 6.94179E-05
5038 6.94179E-05
5039 6.94179E-05
5040 6.94179E-05
5041 6.94179E-05
5042 6.94179E-05
5043 6.94179E-05
5044 6.94179E-05
5045 6.94179E-05
5046 6.94179E-05
5047 6.94179E-05
5048 6.94179E-05
5049 6.94179E-05
5050 6.94179E-05
5051 6.94179E-05
5052 6.94179E-05
5053 6.94179E-05
5054 6.94179E-05
5055 6.94179E-05
5056 6.94179E-05
5057 6.94179E-05
5058 6.94179E-05
5059 6.94179E-05
5060 6.94179E-05
5061 6.94179E-05
5062 6.94179E-05
5063 6.94179E-05
5064 6.94179E-05
5065 6.94179E-05
5066 6.94179E-05
5067 6.94179E-05
5068 6.94179E-05
5069 6.94179E-05
5070 6.94179E-05
5071 6.94179E-05
5072 6.94179E-05
5073 6.94179E-05
5074 6.94179E-05
5075 6.94179E-05
5076 6.94179E-05
5077 6.94179E-05
5078 6.94179E-05
5079 6.94179E-05
5080 6.73762E-05
5081 6.73762E-05
5082 6.73762E-05
5083 6.73762E-05
5084 6.73762E-05
5085 6.73762E-05
5086 6.73762E-05
5088 6.73762E-05
5089 6.73762E-05
5090 6.73762E-05
5091 6.73762E-05
5092 6.73762E-05
5093 6.73762E-05
5094 6.73762E-05
5095 6.73762E-05
5096 6.73762E-05
5097 6.73762E-05
5098 6.73762E-05
5099 6.73762E-05
5100 6.73762E-05
5101 6.73762E-05
5102 6.73762E-05
5103 6.73762E-05
5104 6.73762E-05
5105 6.73762E-05
5106 6.73762E-05
5107 6.73762E-05
5108 6.73762E-05
5109 6.73762E-05
5110 6.73762E-05
5111 6.73762E-05
5112 6.73762E-05
5113 6.73762E-05
5114 6.73762E-05
5115 6.73762E-05
5116 6.73762E-05
5117 6.73762E-05
5118 6.73762E-05
5119 6.73762E-05
5120 6.73762E-05
5121 6.73762E-05
5122 6.73762E-05
5123 6.73762E-05
5124 6.73762E-05
5125 6.73762E-05
5126 6.73762E-05
5127 6.73762E-05
5128 6.73762E-05
5129 6.73762E-05
5130 6.73762E-05
5131 6.73762E-05
5132 6.73762E-05
5133 6.73762E-05
5134 6.73762E-05
5135 6.73762E-05
5136 6.73762E-05
5137 6.73762E-05
5138 6.73762E-05
5139 6.53345E-05
5140 6.53345E-05
5141 6.53345E-05
5142 6.53345E-05
5143 6.53345E-05
5144 6.53345E-05
5145 6.53345E-05
5146 6.53345E-05
5147 6.53345E-05
5148 6.53345E-05
5149 6.53345E-05
5150 6.53345E-05
5151 6.53345E-05
5152 6.53345E-05
5153 6.53345E-05
5154 6.53345E-05
5155 6.53345E-05
5156 6.53345E-05
5157 6.53345E-05
5158 6.53345E-05
5159 6.53345E-05
5160 6.53345E-05
5161 6.53345E-05
5162 6.53345E-05
5163 6.53345E-05
5164 6.53345E-05
5165 6.53345E-05
5166 6.53345E-05
5167 6.53345E-05
5168 6.53345E-05
5169 6.53345E-05
5170 6.53345E-05
5171 6.53345E-05
5172 6.53345E-05
5173 6.53345E-05
5174 6.53345E-05
5175 6.53345E-05
5176 6.53345E-05
5177 6.53345E-05
5178 6.53345E-05
5179 6.53345E-05
5180 6.53345E-05
5181 6.32928E-05
5182 6.32928E-05
5183 6.32928E-05
5185 6.32928E-05
5186 6.32928E-05
5187 6.32928E-05
5188 6.32928E-05
5189 6.32928E-05
5190 6.32928E-05
5191 6.32928E-05
5192 6.32928E-05
5193 6.32928E-05
5194 6.32928E-05
5195 6.32928E-05
5196 6.32928E-05
5197 6.32928E-05
5198 6.32928E-05
5199 6.32928E-05
5200 6.32928E-05
5201 6.32928E-05
5202 6.32928E-05
5203 6.32928E-05
5204 6.32928E-05
5205 6.32928E-05
5206 6.32928E-05
5207 6.32928E-05
5208 6.32928E-05
5209 6.32928E-05
5210 6.32928E-05
5211 6.32928E-05
5212 6.32928E-05
5213 6.32928E-05
5214 6.32928E-05
5215 6.32928E-05
5216 6.32928E-05
5217 6.32928E-05
5218 6.12511E-05
5219 6.12511E-05
5220 6.12511E-05
5221 6.12511E-05
5222 6.12511E-05
5223 6.12511E-05
5224 6.12511E-05
5225 6.12511E-05
5226 6.12511E-05
5227 6.12511E-05
5228 6.12511E-05
5229 6.12511E-05
5230 6.12511E-05
5231 6.12511E-05
5232 6.12511E-05
5233 6.12511E-05
5234 6.12511E-05
5235 6.12511E-05
5236 6.12511E-05
5237 6.12511E-05
5238 6.12511E-05
5239 6.12511E-05
5240 6.12511E-05
5241 6.12511E-05
5242 6.12511E-05
5243 6.12511E-05
5244 6.12511E-05
5245 6.12511E-05
5246 6.12511E-05
5247 6.12511E-05
5248 6.12511E-05
5249 6.12511E-05
5250 6.12511E-05
5251 6.12511E-05
5252 6.12511E-05
5253 6.12511E-05
5254 6.12511E-05
5255 6.12511E-05
5256 6.12511E-05
5257 6.12511E-05
5258 6.12511E-05
5259 6.12511E-05
5260 5.92094E-05
5261 5.92094E-05
5263 5.92094E-05
5264 5.92094E-05
5265 5.92094E-05
5266 5.92094E-05
5267 5.92094E-05
5268 5.92094E-05
5269 5.92094E-05
5270 5.92094E-05
5271 5.92094E-05
5272 5.92094E-05
5273 5.92094E-05
5274 5.92094E-05
5275 5.92094E-05
5276 5.92094E-05
5277 5.92094E-05
5278 5.92094E-05
5279 5.92094E-05
5280 5.92094E-05
5281 5.92094E-05
5282 5.92094E-05
5283 5.92094E-05
5284 5.92094E-05
5285 5.92094E-05
5286 5.92094E-05
5287 5.92094E-05
5288 5.92094E-05
5289 5.92094E-05
5290 5.92094E-05
5291 5.92094E-05
5292 5.92094E-05
5293 5.92094E-05
5294 5.92094E-05
5295 5.92094E-05
5296 5.71677E-05
5297 5.71677E-05
5298 5.71677E-05
5299 5.71677E-05
5300 5.71677E-05
5301 5.71677E-05
5302 5.71677E-05
5303 5.71677E-05
5305 5.71677E-05
5306 5.71677E-05
5307 5.71677E-05
5308 5.71677E-05
5309 5.71677E-05
5310 5.71677E-05
5311 5.71677E-05
5312 5.71677E-05
5313 5.71677E-05
5314 5.71677E-05
5315 5.71677E-05
5316 5.71677E-05
5317 5.71677E-05
5318 5.71677E-05
5319 5.71677E-05
5320 5.71677E-05
5321 5.71677E-05
5322 5.71677E-05
5323 5.71677E-05
5324 5.71677E-05
5325 5.71677E-05
5326 5.71677E-05
5327 5.71677E-05
5328 5.71677E-05
5329 5.71677E-05
5330 5.71677E-05
5331 5.71677E-05
5332 5.71677E-05
5333 5.71677E-05
5334 5.71677E-05
5335 5.71677E-05
5336 5.71677E-05
5337 5.71677E-05
5338 5.71677E-05
5339 5.71677E-05
5340 5.5126E-05
5341 5.5126E-05
5342 5.5126E-05
5343 5.5126E-05
5344 5.5126E-05
5345 5.5126E-05
5346 5.5126E-05
5347 5.5126E-05
5348 5.5126E-05
5349 5.5126E-05
5350 5.5126E-05
5351 5.5126E-05
5352 5.5126E-05
5353 5.5126E-05
5354 5.5126E-05
5355 5.5126E-05
5356 5.5126E-05
5357 5.30843E-05
5358 5.30843E-05
5359 5.30843E-05
5360 5.30843E-05
5361 5.30843E-05
5362 5.30843E-05
5363 5.30843E-05
5364 5.30843E-05
5365 5.30843E-05
5366 5.30843E-05
5367 5.30843E-05
5369 5.30843E-05
5370 5.30843E-05
5371 5.30843E-05
5372 5.30843E-05
5373 5.30843E-05
5374 5.30843E-05
5375 5.30843E-05
5376 5.30843E-05
5377 5.30843E-05
5378 5.30843E-05
5379 5.30843E-05
5380 5.30843E-05
5381 5.30843E-05
5382 5.30843E-05
5383 5.30843E-05
5384 5.30843E-05
5385 5.30843E-05
5386 5.30843E-05
5387 5.30843E-05
5388 5.30843E-05
5389 5.30843E-05
5390 5.30843E-05
5391 5.30843E-05
5392 5.10426E-05
5393 5.10426E-05
5394 5.10426E-05
5395 5.10426E-05
5396 5.10426E-05
5397 5.10426E-05
5398 5.10426E-05
5399 5.10426E-05
5400 5.10426E-05
5401 5.10426E-05
5402 5.10426E-05
5403 5.10426E-05
5404 5.10426E-05
5405 5.10426E-05
5406 5.10426E-05
5407 5.10426E-05
5408 5.10426E-05
5409 5.10426E-05
5410 5.10426E-05
5411 5.10426E-05
5412 5.10426E-05
5413 5.10426E-05
5414 5.10426E-05
5415 5.10426E-05
5416 5.10426E-05
5417 5.10426E-05
5418 5.10426E-05
5419 5.10426E-05
5420 5.10426E-05
5421 5.10426E-05
5422 5.10426E-05
5423 4.90009E-05
5424 4.90009E-05
5425 4.90009E-05
5426 4.90009E-05
5428 4.90009E-05
5429 4.90009E-05
5430 4.90009E-05
5431 4.90009E-05
5432 4.90009E-05
5433 4.90009E-05
5434 4.90009E-05
5435 4.90009E-05
5436 4.90009E-05
5437 4.90009E-05
5438 4.90009E-05
5439 4.90009E-05
5440 4.90009E-05
5441 4.90009E-05
5442 4.90009E-05
5443 4.69592E-05
5444 4.69592E-05
5445 4.69592E-05
5446 4.69592E-05
5447 4.69592E-05
5448 4.69592E-05
5449 4.69592E-05
5450 4.69592E-05
5451 4.69592E-05
5452 4.69592E-05
5453 4.69592E-05
5454 4.69592E-05
5455 4.69592E-05
5456 4.69592E-05
5457 4.69592E-05
5458 4.69592E-05
5459 4.69592E-05
5460 4.69592E-05
5461 4.69592E-05
5462 4.69592E-05
5463 4.49175E-05
5464 4.49175E-05
5465 4.49175E-05
5466 4.49175E-05
5467 4.49175E-05
5468 4.49175E-05
5469 4.49175E-05
5470 4.49175E-05
5471 4.49175E-05
5472 4.49175E-05
5473 4.49175E-05
5474 4.49175E-05
5475 4.49175E-05
5476 4.49175E-05
5477 4.49175E-05
5478 4.49175E-05
5479 4.49175E-05
5480 4.28758E-05
5481 4.28758E-05
5482 4.28758E-05
5483 4.28758E-05
5484 4.28758E-05
5485 4.28758E-05
5486 4.28758E-05
5487 4.28758E-05
5488 4.28758E-05
5489 4.28758E-05
5490 4.28758E-05
5491 4.28758E-05
5492 4.28758E-05
5493 4.28758E-05
5494 4.28758E-05
5496 4.08341E-05
5497 4.08341E-05
5498 4.08341E-05
5499 4.08341E-05
5500 4.08341E-05
5501 4.08341E-05
5502 4.08341E-05
5503 4.08341E-05
5504 4.08341E-05
5505 4.08341E-05
5506 4.08341E-05
5507 4.08341E-05
5508 4.08341E-05
5509 3.87924E-05
5510 3.87924E-05
5511 3.87924E-05
5512 3.87924E-05
5513 3.87924E-05
5514 3.87924E-05
5515 3.87924E-05
5516 3.87924E-05
5517 3.67507E-05
5518 3.67507E-05
5519 3.67507E-05
5520 3.67507E-05
5521 3.67507E-05
5522 3.67507E-05
5523 3.67507E-05
5524 3.4709E-05
5525 3.4709E-05
5526 3.4709E-05
5527 3.4709E-05
5528 3.4709E-05
5529 3.4709E-05
5530 3.26673E-05
5531 3.26673E-05
5532 3.26673E-05
5533 3.26673E-05
5534 3.26673E-05
5535 3.26673E-05
5536 3.26673E-05
5537 3.06256E-05
5538 3.06256E-05
5540 3.06256E-05
5541 3.06256E-05
5542 3.06256E-05
5543 3.06256E-05
5544 3.06256E-05
5545 3.06256E-05
5546 3.06256E-05
5547 3.06256E-05
5548 2.85839E-05
5549 2.85839E-05
5550 2.85839E-05
5551 2.65421E-05
5552 2.65421E-05
5553 2.65421E-05
5554 2.65421E-05
5555 2.45004E-05
5556 2.0417E-05
5557 2.0417E-05
