2418 1.04000e-04
3487 4.40000e-05
3561 4.00000e-05
2419 1.04000e-04
3170 5.80000e-05
2751 9.00000e-05
1186 2.06000e-04
1784 1.46000e-04
3221 5.60000e-05
2864 8.20000e-05
2420 1.04000e-04
1598 1.58000e-04
2641 9.60000e-05
762 2.98000e-04
2421 1.04000e-04
2725 9.20000e-05
2986 6.80000e-05
1910 1.38000e-04
3365 5.00000e-05
3171 5.80000e-05
2100 1.20000e-04
3634 2.80000e-05
1575 1.60000e-04
2900 7.80000e-05
3408 4.80000e-05
2101 1.20000e-04
2838 8.40000e-05
738 3.04000e-04
873 2.66000e-04
1862 1.42000e-04
1992 1.32000e-04
1433 1.76000e-04
3409 4.80000e-05
1360 1.86000e-04
3488 4.40000e-05
2224 1.12000e-04
1829 1.44000e-04
3130 6.00000e-05
2679 9.40000e-05
3222 5.60000e-05
3012 6.60000e-05
2102 1.20000e-04
646 3.36000e-04
1324 1.90000e-04
994 2.40000e-04
1830 1.44000e-04
941 2.48000e-04
1785 1.46000e-04
1658 1.54000e-04
3410 4.80000e-05
2259 1.10000e-04
995 2.40000e-04
2422 1.04000e-04
2839 8.40000e-05
3013 6.60000e-05
1786 1.46000e-04
2752 9.00000e-05
2360 1.06000e-04
1884 1.40000e-04
1473 1.70000e-04
2783 8.80000e-05
1152 2.10000e-04
3489 4.40000e-05
1167 2.08000e-04
2642 9.60000e-05
1787 1.46000e-04
1659 1.54000e-04
2423 1.04000e-04
2840 8.40000e-05
2154 1.16000e-04
2361 1.06000e-04
2588 9.80000e-05
2813 8.60000e-05
2532 1.00000e-04
3131 6.00000e-05
1660 1.54000e-04
3610 3.40000e-05
1217 2.02000e-04
2225 1.12000e-04
3611 3.40000e-05
2987 6.80000e-05
2643 9.60000e-05
2589 9.80000e-05
2307 1.08000e-04
2644 9.60000e-05
2468 1.02000e-04
2814 8.60000e-05
1599 1.58000e-04
3490 4.40000e-05
1863 1.42000e-04
2362 1.06000e-04
2226 1.12000e-04
1831 1.44000e-04
3172 5.80000e-05
969 2.44000e-04
984 2.42000e-04
476 4.24000e-04
1970 1.34000e-04
329 5.52000e-04
746 3.02000e-04
1696 1.52000e-04
1416 1.78000e-04
3132 6.00000e-05
953 2.46000e-04
1523 1.64000e-04
632 3.44000e-04
130 1.03800e-03
544 3.82000e-04
147 9.14000e-04
625 3.46000e-04
851 2.72000e-04
1600 1.58000e-04
1911 1.38000e-04
1788 1.46000e-04
3049 6.40000e-05
1942 1.36000e-04
2184 1.14000e-04
2726 9.20000e-05
3272 5.40000e-05
2424 1.04000e-04
1187 2.06000e-04
1392 1.82000e-04
942 2.48000e-04
427 4.56000e-04
2308 1.08000e-04
374 4.98000e-04
531 3.88000e-04
1052 2.30000e-04
508 4.00000e-04
1008 2.38000e-04
225 7.16000e-04
1361 1.86000e-04
681 3.24000e-04
1434 1.76000e-04
1037 2.32000e-04
1474 1.70000e-04
1218 2.02000e-04
1417 1.78000e-04
1128 2.14000e-04
407 4.74000e-04
2865 8.20000e-05
2016 1.30000e-04
2040 1.28000e-04
468 4.30000e-04
2227 1.12000e-04
910 2.54000e-04
525 3.90000e-04
263 6.54000e-04
3081 6.20000e-05
424 4.58000e-04
663 3.32000e-04
267 6.48000e-04
1140 2.12000e-04
449 4.42000e-04
40 2.31800e-03
943 2.48000e-04
1475 1.70000e-04
594 3.58000e-04
145 9.18000e-04
626 3.46000e-04
78 1.53600e-03
141 9.40000e-04
14 3.99200e-03
107 1.15600e-03
695 3.20000e-04
70 1.67600e-03
246 6.84000e-04
2017 1.30000e-04
117 1.09000e-03
1661 1.54000e-04
2957 7.20000e-05
954 2.46000e-04
39 2.33200e-03
351 5.26000e-04
2590 9.80000e-05
28 2.84400e-03
595 3.58000e-04
1943 1.36000e-04
293 6.04000e-04
1452 1.74000e-04
63 1.80000e-03
501 4.10000e-04
256 6.64000e-04
187 7.98000e-04
2645 9.60000e-05
337 5.44000e-04
11 4.80200e-03
43 2.24600e-03
3562 4.00000e-05
340 5.36000e-04
1524 1.64000e-04
2228 1.12000e-04
668 3.28000e-04
161 8.76000e-04
1491 1.68000e-04
653 3.34000e-04
162 8.72000e-04
120 1.08400e-03
1912 1.38000e-04
125 1.06000e-03
417 4.66000e-04
609 3.54000e-04
1435 1.76000e-04
477 4.24000e-04
877 2.64000e-04
2958 7.20000e-05
489 4.16000e-04
285 6.14000e-04
944 2.48000e-04
1418 1.78000e-04
339 5.38000e-04
159 8.78000e-04
160 8.78000e-04
77 1.56800e-03
367 5.12000e-04
809 2.84000e-04
490 4.16000e-04
858 2.70000e-04
408 4.74000e-04
60 1.87400e-03
115 1.10000e-03
136 9.78000e-04
810 2.84000e-04
238 6.92000e-04
1199 2.04000e-04
129 1.04000e-03
878 2.64000e-04
139 9.48000e-04
1492 1.68000e-04
84 1.42800e-03
1436 1.76000e-04
199 7.64000e-04
210 7.44000e-04
168 8.52000e-04
253 6.66000e-04
30 2.82200e-03
175 8.36000e-04
144 9.24000e-04
545 3.82000e-04
76 1.58400e-03
310 5.82000e-04
216 7.34000e-04
1525 1.64000e-04
1072 2.26000e-04
344 5.32000e-04
171 8.44000e-04
577 3.66000e-04
716 3.12000e-04
3632 3.00000e-05
1993 1.32000e-04
1789 1.46000e-04
1994 1.32000e-04
1725 1.50000e-04
2469 1.02000e-04
3133 6.00000e-05
1885 1.40000e-04
3273 5.40000e-05
1760 1.48000e-04
1601 1.58000e-04
2815 8.60000e-05
3082 6.20000e-05
2591 9.80000e-05
2018 1.30000e-04
1602 1.58000e-04
2425 1.04000e-04
1234 2.00000e-04
3446 4.60000e-05
3366 5.00000e-05
688 3.22000e-04
1944 1.36000e-04
3447 4.60000e-05
1886 1.40000e-04
2185 1.14000e-04
1267 1.96000e-04
2260 1.10000e-04
2363 1.06000e-04
821 2.80000e-04
1662 1.54000e-04
1663 1.54000e-04
1153 2.10000e-04
828 2.78000e-04
3083 6.20000e-05
1790 1.46000e-04
3084 6.20000e-05
3586 3.80000e-05
1945 1.36000e-04
1268 1.96000e-04
1073 2.26000e-04
1219 2.02000e-04
1200 2.04000e-04
879 2.64000e-04
547 3.80000e-04
1664 1.54000e-04
1548 1.62000e-04
1269 1.96000e-04
1347 1.88000e-04
3314 5.20000e-05
1864 1.42000e-04
711 3.14000e-04
1832 1.44000e-04
654 3.34000e-04
620 3.50000e-04
213 7.38000e-04
705 3.16000e-04
1089 2.22000e-04
413 4.70000e-04
923 2.52000e-04
317 5.68000e-04
655 3.34000e-04
1393 1.82000e-04
3448 4.60000e-05
1009 2.38000e-04
526 3.90000e-04
527 3.90000e-04
307 5.86000e-04
1053 2.30000e-04
2261 1.10000e-04
932 2.50000e-04
444 4.44000e-04
890 2.62000e-04
272 6.40000e-04
911 2.54000e-04
904 2.56000e-04
251 6.68000e-04
1512 1.66000e-04
859 2.70000e-04
1090 2.22000e-04
1461 1.72000e-04
179 8.24000e-04
996 2.40000e-04
647 3.36000e-04
2921 7.60000e-05
1526 1.64000e-04
1307 1.92000e-04
2186 1.14000e-04
2816 8.60000e-05
1913 1.38000e-04
739 3.04000e-04
149 9.08000e-04
970 2.44000e-04
2470 1.02000e-04
740 3.04000e-04
1016 2.36000e-04
634 3.42000e-04
1493 1.68000e-04
1513 1.66000e-04
1308 1.92000e-04
1697 1.52000e-04
1287 1.94000e-04
226 7.16000e-04
2120 1.18000e-04
520 3.92000e-04
1419 1.78000e-04
800 2.86000e-04
2068 1.24000e-04
1791 1.46000e-04
252 6.68000e-04
546 3.82000e-04
190 7.96000e-04
358 5.20000e-04
865 2.68000e-04
721 3.10000e-04
2262 1.10000e-04
300 5.96000e-04
793 2.88000e-04
3367 5.00000e-05
1603 1.58000e-04
2784 8.80000e-05
1833 1.44000e-04
469 4.30000e-04
86 1.41600e-03
124 1.07000e-03
113 1.11800e-03
404 4.76000e-04
2229 1.12000e-04
1420 1.78000e-04
509 3.98000e-04
112 1.13000e-03
102 1.22800e-03
248 6.72000e-04
682 3.24000e-04
1091 2.22000e-04
2471 1.02000e-04
2753 9.00000e-05
180 8.24000e-04
106 1.16400e-03
44 2.23400e-03
46 2.14400e-03
54 2.00000e-03
245 6.86000e-04
142 9.38000e-04
811 2.84000e-04
173 8.42000e-04
1527 1.64000e-04
735 3.06000e-04
521 3.92000e-04
2881 8.00000e-05
432 4.50000e-04
240 6.90000e-04
1288 1.94000e-04
2901 7.80000e-05
90 1.37400e-03
249 6.72000e-04
1348 1.88000e-04
706 3.16000e-04
2309 1.08000e-04
316 5.70000e-04
1116 2.16000e-04
510 3.98000e-04
1528 1.64000e-04
587 3.60000e-04
2364 1.06000e-04
311 5.80000e-04
82 1.46000e-03
2121 1.18000e-04
410 4.72000e-04
2122 1.18000e-04
766 2.96000e-04
567 3.70000e-04
874 2.66000e-04
985 2.42000e-04
776 2.94000e-04
188 7.98000e-04
515 3.94000e-04
2902 7.80000e-05
169 8.48000e-04
3134 6.00000e-05
405 4.76000e-04
61 1.82800e-03
2155 1.16000e-04
109 1.14200e-03
610 3.54000e-04
220 7.30000e-04
502 4.10000e-04
689 3.22000e-04
683 3.24000e-04
588 3.60000e-04
178 8.26000e-04
621 3.48000e-04
1437 1.76000e-04
450 4.42000e-04
722 3.10000e-04
1698 1.52000e-04
741 3.04000e-04
150 9.06000e-04
215 7.36000e-04
1699 1.52000e-04
1309 1.92000e-04
385 4.92000e-04
3050 6.40000e-05
528 3.90000e-04
1289 1.94000e-04
548 3.80000e-04
611 3.54000e-04
585 3.62000e-04
1394 1.82000e-04
389 4.88000e-04
500 4.12000e-04
105 1.19200e-03
362 5.16000e-04
354 5.24000e-04
48 2.11200e-03
265 6.50000e-04
219 7.32000e-04
599 3.56000e-04
622 3.48000e-04
99 1.29800e-03
118 1.08800e-03
428 4.56000e-04
747 3.02000e-04
1665 1.54000e-04
3223 5.60000e-05
1038 2.32000e-04
924 2.52000e-04
1438 1.76000e-04
1494 1.68000e-04
2472 1.02000e-04
409 4.74000e-04
1439 1.76000e-04
1010 2.38000e-04
334 5.48000e-04
3411 4.80000e-05
1325 1.90000e-04
3315 5.20000e-05
637 3.40000e-04
2940 7.40000e-05
473 4.26000e-04
335 5.48000e-04
1700 1.52000e-04
997 2.40000e-04
1117 2.16000e-04
712 3.14000e-04
1666 1.54000e-04
549 3.80000e-04
465 4.32000e-04
2817 8.60000e-05
1495 1.68000e-04
95 1.33200e-03
167 8.54000e-04
13 4.07600e-03
212 7.42000e-04
156 8.86000e-04
3563 4.00000e-05
2426 1.04000e-04
3412 4.80000e-05
2533 1.00000e-04
2310 1.08000e-04
3316 5.20000e-05
3224 5.60000e-05
1310 1.92000e-04
3274 5.40000e-05
2922 7.60000e-05
2967 7.00000e-05
3528 4.20000e-05
2785 8.80000e-05
3051 6.40000e-05
2786 8.80000e-05
2923 7.60000e-05
1409 1.80000e-04
1326 1.90000e-04
2187 1.14000e-04
3135 6.00000e-05
3612 3.40000e-05
1453 1.74000e-04
1946 1.36000e-04
1270 1.96000e-04
1625 1.56000e-04
2646 9.60000e-05
1549 1.62000e-04
2085 1.22000e-04
3052 6.40000e-05
1220 2.02000e-04
2787 8.80000e-05
684 3.24000e-04
1462 1.72000e-04
1626 1.56000e-04
3587 3.80000e-05
656 3.34000e-04
673 3.26000e-04
2680 9.40000e-05
2086 1.22000e-04
2263 1.10000e-04
2924 7.60000e-05
1834 1.44000e-04
2069 1.24000e-04
1054 2.30000e-04
1055 2.30000e-04
3564 4.00000e-05
3413 4.80000e-05
723 3.10000e-04
375 4.98000e-04
2681 9.40000e-05
1376 1.84000e-04
2123 1.18000e-04
2866 8.20000e-05
558 3.74000e-04
3625 3.20000e-05
2156 1.16000e-04
2754 9.00000e-05
1627 1.56000e-04
971 2.44000e-04
1011 2.38000e-04
1701 1.52000e-04
1761 1.48000e-04
2647 9.60000e-05
3053 6.40000e-05
1271 1.96000e-04
3529 4.20000e-05
2087 1.22000e-04
2867 8.20000e-05
3225 5.60000e-05
1327 1.90000e-04
1440 1.76000e-04
1971 1.34000e-04
589 3.60000e-04
2041 1.28000e-04
2882 8.00000e-05
1947 1.36000e-04
3601 3.60000e-05
1118 2.16000e-04
1835 1.44000e-04
2230 1.12000e-04
627 3.46000e-04
512 3.96000e-04
2042 1.28000e-04
539 3.84000e-04
696 3.20000e-04
1377 1.84000e-04
3173 5.80000e-05
616 3.52000e-04
756 3.00000e-04
221 7.30000e-04
1056 2.30000e-04
390 4.88000e-04
152 9.00000e-04
157 8.86000e-04
3136 6.00000e-05
217 7.34000e-04
3137 6.00000e-05
111 1.13200e-03
201 7.62000e-04
1311 1.92000e-04
304 5.92000e-04
236 6.96000e-04
2788 8.80000e-05
462 4.36000e-04
227 7.16000e-04
101 1.26400e-03
1628 1.56000e-04
1792 1.46000e-04
369 5.06000e-04
794 2.88000e-04
2188 1.14000e-04
669 3.28000e-04
2903 7.80000e-05
2088 1.22000e-04
1604 1.58000e-04
891 2.62000e-04
1550 1.62000e-04
1576 1.60000e-04
254 6.66000e-04
1080 2.24000e-04
532 3.88000e-04
2592 9.80000e-05
945 2.48000e-04
748 3.02000e-04
2089 1.22000e-04
2427 1.04000e-04
3530 4.20000e-05
1914 1.38000e-04
2473 1.02000e-04
822 2.80000e-04
1463 1.72000e-04
933 2.50000e-04
1629 1.56000e-04
3414 4.80000e-05
623 3.48000e-04
359 5.20000e-04
829 2.78000e-04
707 3.16000e-04
590 3.60000e-04
648 3.36000e-04
1630 1.56000e-04
2941 7.40000e-05
757 3.00000e-04
2841 8.40000e-05
777 2.94000e-04
2365 1.06000e-04
563 3.72000e-04
2868 8.20000e-05
321 5.64000e-04
1995 1.32000e-04
1378 1.84000e-04
2534 1.00000e-04
894 2.60000e-04
2959 7.20000e-05
2474 1.02000e-04
1915 1.38000e-04
373 5.00000e-04
323 5.60000e-04
291 6.06000e-04
3174 5.80000e-05
183 8.14000e-04
838 2.76000e-04
137 9.76000e-04
170 8.48000e-04
474 4.26000e-04
522 3.92000e-04
1201 2.04000e-04
2189 1.14000e-04
271 6.42000e-04
559 3.74000e-04
852 2.72000e-04
1119 2.16000e-04
685 3.24000e-04
1836 1.44000e-04
767 2.96000e-04
166 8.60000e-04
596 3.58000e-04
463 4.36000e-04
955 2.46000e-04
578 3.66000e-04
198 7.66000e-04
641 3.38000e-04
1101 2.20000e-04
470 4.30000e-04
3368 5.00000e-05
1421 1.78000e-04
749 3.02000e-04
1120 2.16000e-04
2366 1.06000e-04
2925 7.60000e-05
1023 2.34000e-04
1039 2.32000e-04
2428 1.04000e-04
586 3.62000e-04
912 2.54000e-04
2968 7.00000e-05
1395 1.82000e-04
905 2.56000e-04
172 8.44000e-04
332 5.50000e-04
445 4.44000e-04
778 2.94000e-04
287 6.12000e-04
2869 8.20000e-05
3317 5.20000e-05
2070 1.24000e-04
1040 2.32000e-04
3449 4.60000e-05
686 3.24000e-04
523 3.92000e-04
906 2.56000e-04
2475 1.02000e-04
1441 1.76000e-04
2926 7.60000e-05
1102 2.20000e-04
1529 1.64000e-04
2870 8.20000e-05
2648 9.60000e-05
2367 1.06000e-04
1865 1.42000e-04
1605 1.58000e-04
1631 1.56000e-04
2789 8.80000e-05
2727 9.20000e-05
3226 5.60000e-05
2264 1.10000e-04
2231 1.12000e-04
1349 1.88000e-04
1379 1.84000e-04
2157 1.16000e-04
1396 1.82000e-04
1041 2.32000e-04
491 4.16000e-04
839 2.76000e-04
784 2.92000e-04
2649 9.60000e-05
261 6.58000e-04
204 7.58000e-04
795 2.88000e-04
866 2.68000e-04
600 3.56000e-04
485 4.18000e-04
280 6.28000e-04
318 5.68000e-04
1024 2.34000e-04
560 3.74000e-04
506 4.02000e-04
670 3.28000e-04
1092 2.22000e-04
3491 4.40000e-05
1702 1.52000e-04
3492 4.40000e-05
3227 5.60000e-05
1632 1.56000e-04
3014 6.60000e-05
1454 1.74000e-04
895 2.60000e-04
1916 1.38000e-04
1442 1.76000e-04
2842 8.40000e-05
3085 6.20000e-05
1121 2.16000e-04
3415 4.80000e-05
2818 8.60000e-05
1380 1.84000e-04
305 5.88000e-04
1667 1.54000e-04
2158 1.16000e-04
2019 1.30000e-04
2159 1.16000e-04
1328 1.90000e-04
986 2.42000e-04
1496 1.68000e-04
657 3.34000e-04
875 2.66000e-04
2883 8.00000e-05
2843 8.40000e-05
292 6.06000e-04
1996 1.32000e-04
2969 7.00000e-05
880 2.64000e-04
1122 2.16000e-04
2884 8.00000e-05
425 4.58000e-04
1290 1.94000e-04
31 2.80800e-03
93 1.36400e-03
191 7.94000e-04
237 6.96000e-04
2043 1.28000e-04
395 4.84000e-04
504 4.04000e-04
1272 1.96000e-04
301 5.96000e-04
486 4.18000e-04
540 3.84000e-04
1025 2.34000e-04
3175 5.80000e-05
266 6.50000e-04
812 2.84000e-04
194 7.78000e-04
192 7.94000e-04
85 1.42000e-03
2020 1.30000e-04
381 4.94000e-04
1455 1.74000e-04
1057 2.30000e-04
1948 1.36000e-04
1422 1.78000e-04
907 2.56000e-04
601 3.56000e-04
163 8.70000e-04
228 7.10000e-04
59 1.87600e-03
717 3.12000e-04
239 6.92000e-04
20 3.28800e-03
2 8.54800e-03
3450 4.60000e-05
2535 1.00000e-04
2476 1.02000e-04
2927 7.60000e-05
1362 1.86000e-04
2844 8.40000e-05
1577 1.60000e-04
2755 9.00000e-05
3228 5.60000e-05
2593 9.80000e-05
2819 8.60000e-05
2871 8.20000e-05
801 2.86000e-04
1917 1.38000e-04
2682 9.40000e-05
2928 7.60000e-05
2536 1.00000e-04
1918 1.38000e-04
1837 1.44000e-04
3015 6.60000e-05
2477 1.02000e-04
3588 3.80000e-05
3054 6.40000e-05
1793 1.46000e-04
3531 4.20000e-05
1887 1.40000e-04
3086 6.20000e-05
2820 8.60000e-05
2594 9.80000e-05
2265 1.10000e-04
2478 1.02000e-04
1794 1.46000e-04
3532 4.20000e-05
2988 6.80000e-05
2595 9.80000e-05
2537 1.00000e-04
1919 1.38000e-04
3138 6.00000e-05
1866 1.42000e-04
2368 1.06000e-04
3451 4.60000e-05
2538 1.00000e-04
3318 5.20000e-05
972 2.44000e-04
3229 5.60000e-05
2539 1.00000e-04
2232 1.12000e-04
2845 8.40000e-05
2311 1.08000e-04
2790 8.80000e-05
1109 2.18000e-04
3275 5.40000e-05
2821 8.60000e-05
2540 1.00000e-04
2989 6.80000e-05
2929 7.60000e-05
2596 9.80000e-05
1530 1.64000e-04
3416 4.80000e-05
3452 4.60000e-05
3139 6.00000e-05
2885 8.00000e-05
2479 1.02000e-04
1291 1.94000e-04
3230 5.60000e-05
1726 1.50000e-04
3319 5.20000e-05
1531 1.64000e-04
2650 9.60000e-05
1668 1.54000e-04
973 2.44000e-04
3453 4.60000e-05
1669 1.54000e-04
3176 5.80000e-05
2651 9.60000e-05
1188 2.06000e-04
3276 5.40000e-05
3417 4.80000e-05
956 2.46000e-04
788 2.90000e-04
1363 1.86000e-04
3055 6.40000e-05
3087 6.20000e-05
1920 1.38000e-04
1168 2.08000e-04
628 3.46000e-04
3533 4.20000e-05
2266 1.10000e-04
750 3.02000e-04
1221 2.02000e-04
3565 4.00000e-05
2312 1.08000e-04
3626 3.20000e-05
1670 1.54000e-04
3016 6.60000e-05
1838 1.44000e-04
2429 1.04000e-04
998 2.40000e-04
1727 1.50000e-04
830 2.78000e-04
429 4.56000e-04
1578 1.60000e-04
1671 1.54000e-04
1141 2.12000e-04
1997 1.32000e-04
568 3.70000e-04
496 4.14000e-04
2071 1.24000e-04
658 3.34000e-04
1202 2.04000e-04
1142 2.12000e-04
278 6.30000e-04
3369 5.00000e-05
674 3.26000e-04
2480 1.02000e-04
1397 1.82000e-04
3140 6.00000e-05
690 3.22000e-04
1093 2.22000e-04
2597 9.80000e-05
516 3.94000e-04
713 3.14000e-04
1123 2.16000e-04
2970 7.00000e-05
208 7.52000e-04
3056 6.40000e-05
974 2.44000e-04
382 4.94000e-04
2430 1.04000e-04
274 6.38000e-04
3177 5.80000e-05
298 5.98000e-04
1998 1.32000e-04
211 7.44000e-04
62 1.82000e-03
50 2.07000e-03
146 9.16000e-04
325 5.58000e-04
34 2.46200e-03
32 2.62000e-03
186 8.04000e-04
364 5.14000e-04
2846 8.40000e-05
65 1.77800e-03
436 4.48000e-04
67 1.75400e-03
270 6.46000e-04
17 3.54400e-03
155 8.92000e-04
81 1.48600e-03
268 6.48000e-04
360 5.18000e-04
33 2.59200e-03
3589 3.80000e-05
38 2.33600e-03
205 7.58000e-04
148 9.12000e-04
16 3.69000e-03
414 4.70000e-04
642 3.38000e-04
97 1.31200e-03
195 7.76000e-04
3454 4.60000e-05
52 2.03200e-03
426 4.58000e-04
10 4.97200e-03
6 6.48200e-03
277 6.32000e-04
242 6.88000e-04
196 7.72000e-04
21 3.27400e-03
73 1.63600e-03
36 2.41800e-03
153 8.96000e-04
143 9.30000e-04
189 7.98000e-04
602 3.56000e-04
243 6.88000e-04
386 4.92000e-04
687 3.24000e-04
123 1.07400e-03
534 3.86000e-04
529 3.90000e-04
433 4.50000e-04
2683 9.40000e-05
68 1.74800e-03
200 7.64000e-04
264 6.52000e-04
202 7.60000e-04
1064 2.28000e-04
1074 2.26000e-04
1273 1.96000e-04
768 2.96000e-04
110 1.13400e-03
134 9.94000e-04
1551 1.62000e-04
513 3.96000e-04
182 8.16000e-04
75 1.60800e-03
533 3.88000e-04
92 1.37200e-03
2598 9.80000e-05
2847 8.40000e-05
3057 6.40000e-05
3058 6.40000e-05
2942 7.40000e-05
3141 6.00000e-05
2313 1.08000e-04
2756 9.00000e-05
2267 1.10000e-04
2872 8.20000e-05
3142 6.00000e-05
3017 6.60000e-05
1949 1.36000e-04
3059 6.40000e-05
2728 9.20000e-05
3493 4.40000e-05
3277 5.40000e-05
1762 1.48000e-04
3231 5.60000e-05
3370 5.00000e-05
2599 9.80000e-05
2314 1.08000e-04
1921 1.38000e-04
2369 1.06000e-04
3418 4.80000e-05
1579 1.60000e-04
2160 1.16000e-04
1532 1.64000e-04
1464 1.72000e-04
2848 8.40000e-05
1763 1.48000e-04
2190 1.14000e-04
3178 5.80000e-05
1094 2.22000e-04
2268 1.10000e-04
3278 5.40000e-05
1329 1.90000e-04
2269 1.10000e-04
1888 1.40000e-04
3232 5.60000e-05
3455 4.60000e-05
3371 5.00000e-05
2684 9.40000e-05
2270 1.10000e-04
1950 1.36000e-04
1999 1.32000e-04
1312 1.92000e-04
2873 8.20000e-05
2431 1.04000e-04
913 2.54000e-04
3279 5.40000e-05
2044 1.28000e-04
1203 2.04000e-04
2481 1.02000e-04
2315 1.08000e-04
3320 5.20000e-05
3143 6.00000e-05
2000 1.32000e-04
881 2.64000e-04
2822 8.60000e-05
1606 1.58000e-04
3233 5.60000e-05
1026 2.34000e-04
3280 5.40000e-05
2482 1.02000e-04
1533 1.64000e-04
2541 1.00000e-04
1951 1.36000e-04
2685 9.40000e-05
2652 9.60000e-05
3018 6.60000e-05
1867 1.42000e-04
1633 1.56000e-04
2930 7.60000e-05
2483 1.02000e-04
1398 1.82000e-04
1364 1.86000e-04
3144 6.00000e-05
2686 9.40000e-05
2484 1.02000e-04
3566 4.00000e-05
2943 7.40000e-05
2053 1.26000e-04
3179 5.80000e-05
2316 1.08000e-04
1703 1.52000e-04
1350 1.88000e-04
2874 8.20000e-05
957 2.46000e-04
3281 5.40000e-05
2090 1.22000e-04
3419 4.80000e-05
3420 4.80000e-05
2161 1.16000e-04
1065 2.28000e-04
3567 4.00000e-05
1497 1.68000e-04
1728 1.50000e-04
3282 5.40000e-05
3180 5.80000e-05
2485 1.02000e-04
2823 8.60000e-05
3421 4.80000e-05
3145 6.00000e-05
3494 4.40000e-05
3146 6.00000e-05
3613 3.40000e-05
2486 1.02000e-04
3019 6.60000e-05
3614 3.40000e-05
3495 4.40000e-05
2432 1.04000e-04
2370 1.06000e-04
3321 5.20000e-05
3283 5.40000e-05
3422 4.80000e-05
2542 1.00000e-04
1952 1.36000e-04
1704 1.52000e-04
2162 1.16000e-04
3534 4.20000e-05
3372 5.00000e-05
1607 1.58000e-04
3535 4.20000e-05
2543 1.00000e-04
3373 5.00000e-05
3536 4.20000e-05
3060 6.40000e-05
2600 9.80000e-05
3284 5.40000e-05
2729 9.20000e-05
2433 1.04000e-04
1410 1.80000e-04
2103 1.20000e-04
3537 4.20000e-05
2990 6.80000e-05
3147 6.00000e-05
3061 6.40000e-05
2687 9.40000e-05
3234 5.60000e-05
355 5.24000e-04
3322 5.20000e-05
1256 1.98000e-04
3323 5.20000e-05
383 4.94000e-04
2001 1.32000e-04
844 2.74000e-04
3285 5.40000e-05
2271 1.10000e-04
1143 2.12000e-04
845 2.74000e-04
1972 1.34000e-04
2371 1.06000e-04
2487 1.02000e-04
1705 1.52000e-04
1953 1.36000e-04
1706 1.52000e-04
418 4.66000e-04
2021 1.30000e-04
579 3.66000e-04
2886 8.00000e-05
3496 4.40000e-05
487 4.18000e-04
629 3.46000e-04
1399 1.82000e-04
1608 1.58000e-04
1476 1.70000e-04
1922 1.38000e-04
1729 1.50000e-04
3423 4.80000e-05
3627 3.20000e-05
2317 1.08000e-04
1514 1.66000e-04
2757 9.00000e-05
2163 1.16000e-04
3568 4.00000e-05
2488 1.02000e-04
2544 1.00000e-04
2272 1.10000e-04
1868 1.42000e-04
3374 5.00000e-05
2875 8.20000e-05
2164 1.16000e-04
896 2.60000e-04
1973 1.34000e-04
2124 1.18000e-04
2758 9.00000e-05
934 2.50000e-04
2233 1.12000e-04
2730 9.20000e-05
2022 1.30000e-04
3181 5.80000e-05
2125 1.18000e-04
2545 1.00000e-04
1381 1.84000e-04
3148 6.00000e-05
3615 3.40000e-05
3088 6.20000e-05
624 3.48000e-04
3456 4.60000e-05
3235 5.60000e-05
3375 5.00000e-05
1707 1.52000e-04
3497 4.40000e-05
3089 6.20000e-05
831 2.78000e-04
2991 6.80000e-05
2601 9.80000e-05
1730 1.50000e-04
2653 9.60000e-05
3020 6.60000e-05
3616 3.40000e-05
1129 2.14000e-04
3538 4.20000e-05
785 2.92000e-04
2372 1.06000e-04
1235 2.00000e-04
2373 1.06000e-04
2602 9.80000e-05
1672 1.54000e-04
1236 2.00000e-04
3457 4.60000e-05
2904 7.80000e-05
2126 1.18000e-04
1673 1.54000e-04
1764 1.48000e-04
1839 1.44000e-04
3324 5.20000e-05
3182 5.80000e-05
2688 9.40000e-05
2689 9.40000e-05
3325 5.20000e-05
2759 9.00000e-05
2971 7.00000e-05
2374 1.06000e-04
1869 1.42000e-04
1365 1.86000e-04
3149 6.00000e-05
2234 1.12000e-04
2603 9.80000e-05
1870 1.42000e-04
925 2.52000e-04
3458 4.60000e-05
1708 1.52000e-04
2191 1.14000e-04
1313 1.92000e-04
3539 4.20000e-05
1840 1.44000e-04
1889 1.40000e-04
3021 6.60000e-05
3062 6.40000e-05
2091 1.22000e-04
2931 7.60000e-05
2944 7.40000e-05
2932 7.60000e-05
1871 1.42000e-04
1795 1.46000e-04
860 2.70000e-04
2760 9.00000e-05
1292 1.94000e-04
1293 1.94000e-04
1923 1.38000e-04
3459 4.60000e-05
697 3.20000e-04
1765 1.48000e-04
2824 8.60000e-05
2092 1.22000e-04
3460 4.60000e-05
3326 5.20000e-05
1796 1.46000e-04
1709 1.52000e-04
1954 1.36000e-04
3236 5.60000e-05
1841 1.44000e-04
3498 4.40000e-05
1477 1.70000e-04
3183 5.80000e-05
2604 9.80000e-05
3499 4.40000e-05
1314 1.92000e-04
1315 1.92000e-04
3237 5.60000e-05
1634 1.56000e-04
1609 1.58000e-04
1766 1.48000e-04
2761 9.00000e-05
2434 1.04000e-04
2690 9.40000e-05
2375 1.06000e-04
3376 5.00000e-05
935 2.50000e-04
1731 1.50000e-04
1890 1.40000e-04
2192 1.14000e-04
3602 3.60000e-05
1610 1.58000e-04
2435 1.04000e-04
2791 8.80000e-05
1534 1.64000e-04
2849 8.40000e-05
2235 1.12000e-04
3327 5.20000e-05
3540 4.20000e-05
3328 5.20000e-05
3377 5.00000e-05
936 2.50000e-04
2104 1.20000e-04
1797 1.46000e-04
3500 4.40000e-05
3461 4.60000e-05
3424 4.80000e-05
2762 9.00000e-05
3090 6.20000e-05
1891 1.40000e-04
1635 1.56000e-04
3462 4.60000e-05
1636 1.56000e-04
3425 4.80000e-05
2763 9.00000e-05
2436 1.04000e-04
2605 9.80000e-05
3286 5.40000e-05
3287 5.40000e-05
1366 1.86000e-04
1478 1.70000e-04
2691 9.40000e-05
3541 4.20000e-05
1732 1.50000e-04
3184 5.80000e-05
1274 1.96000e-04
2972 7.00000e-05
1955 1.36000e-04
1294 1.94000e-04
1767 1.48000e-04
2072 1.24000e-04
3569 4.00000e-05
2377 1.06000e-04
3542 4.20000e-05
3022 6.60000e-05
2654 9.60000e-05
3603 3.60000e-05
2376 1.06000e-04
1275 1.96000e-04
3378 5.00000e-05
2692 9.40000e-05
1017 2.36000e-04
3329 5.20000e-05
3150 6.00000e-05
3463 4.60000e-05
2437 1.04000e-04
3501 4.40000e-05
2438 1.04000e-04
1637 1.56000e-04
1276 1.96000e-04
882 2.64000e-04
3185 5.80000e-05
999 2.40000e-04
446 4.44000e-04
1768 1.48000e-04
643 3.38000e-04
1154 2.10000e-04
1027 2.34000e-04
3063 6.40000e-05
958 2.46000e-04
3186 5.80000e-05
3288 5.40000e-05
1351 1.88000e-04
2973 7.00000e-05
1465 1.72000e-04
1204 2.04000e-04
2546 1.00000e-04
2318 1.08000e-04
2655 9.60000e-05
897 2.60000e-04
802 2.86000e-04
3187 5.80000e-05
3064 6.40000e-05
751 3.02000e-04
1400 1.82000e-04
1205 2.04000e-04
1769 1.48000e-04
1169 2.08000e-04
2887 8.00000e-05
3091 6.20000e-05
3570 4.00000e-05
1066 2.28000e-04
2656 9.60000e-05
1012 2.38000e-04
1130 2.14000e-04
2023 1.30000e-04
3330 5.20000e-05
1456 1.74000e-04
2024 1.30000e-04
2439 1.04000e-04
1974 1.34000e-04
3543 4.20000e-05
2073 1.24000e-04
2273 1.10000e-04
2960 7.20000e-05
1155 2.10000e-04
2378 1.06000e-04
2319 1.08000e-04
2547 1.00000e-04
2025 1.30000e-04
1975 1.34000e-04
2850 8.40000e-05
1075 2.26000e-04
644 3.38000e-04
2548 1.00000e-04
1257 1.98000e-04
3590 3.80000e-05
1976 1.34000e-04
2606 9.80000e-05
3188 5.80000e-05
2731 9.20000e-05
2974 7.00000e-05
2054 1.26000e-04
2320 1.08000e-04
2657 9.60000e-05
1552 1.62000e-04
1798 1.46000e-04
2127 1.18000e-04
1842 1.44000e-04
2764 9.00000e-05
3289 5.40000e-05
1892 1.40000e-04
1206 2.04000e-04
2489 1.02000e-04
1124 2.16000e-04
2888 8.00000e-05
1277 1.96000e-04
2045 1.28000e-04
1095 2.22000e-04
2002 1.32000e-04
1479 1.70000e-04
2992 6.80000e-05
1222 2.02000e-04
2792 8.80000e-05
2193 1.14000e-04
1058 2.30000e-04
2607 9.80000e-05
1103 2.20000e-04
2876 8.20000e-05
1223 2.02000e-04
3238 5.60000e-05
1316 1.92000e-04
1733 1.50000e-04
1170 2.08000e-04
185 8.06000e-04
691 3.22000e-04
2905 7.80000e-05
181 8.22000e-04
1171 2.08000e-04
2128 1.18000e-04
269 6.48000e-04
3092 6.20000e-05
411 4.72000e-04
74 1.62600e-03
126 1.05800e-03
295 6.00000e-04
572 3.68000e-04
230 7.04000e-04
2945 7.40000e-05
1843 1.44000e-04
1081 2.24000e-04
699 3.18000e-04
517 3.94000e-04
718 3.12000e-04
823 2.80000e-04
3093 6.20000e-05
2274 1.10000e-04
1734 1.50000e-04
1977 1.34000e-04
1498 1.68000e-04
2194 1.14000e-04
846 2.74000e-04
975 2.44000e-04
1735 1.50000e-04
1156 2.10000e-04
861 2.70000e-04
758 3.00000e-04
976 2.44000e-04
1401 1.82000e-04
649 3.36000e-04
478 4.24000e-04
1443 1.76000e-04
1580 1.60000e-04
1018 2.36000e-04
2003 1.32000e-04
779 2.94000e-04
535 3.86000e-04
197 7.70000e-04
3023 6.60000e-05
719 3.12000e-04
1157 2.10000e-04
1770 1.48000e-04
959 2.46000e-04
2004 1.32000e-04
1978 1.34000e-04
2906 7.80000e-05
867 2.68000e-04
630 3.46000e-04
275 6.38000e-04
1042 2.32000e-04
440 4.46000e-04
2975 7.00000e-05
3024 6.60000e-05
455 4.40000e-04
3094 6.20000e-05
1956 1.36000e-04
728 3.08000e-04
1144 2.12000e-04
1043 2.32000e-04
2976 7.00000e-05
2093 1.22000e-04
3025 6.60000e-05
1736 1.50000e-04
675 3.26000e-04
815 2.82000e-04
2732 9.20000e-05
1330 1.90000e-04
736 3.06000e-04
1158 2.10000e-04
977 2.44000e-04
422 4.60000e-04
832 2.78000e-04
580 3.66000e-04
284 6.16000e-04
419 4.66000e-04
3095 6.20000e-05
803 2.86000e-04
352 5.26000e-04
457 4.38000e-04
330 5.52000e-04
978 2.44000e-04
612 3.54000e-04
724 3.10000e-04
1799 1.46000e-04
471 4.30000e-04
451 4.42000e-04
1352 1.88000e-04
1737 1.50000e-04
659 3.34000e-04
2379 1.06000e-04
3636 2.60000e-05
714 3.14000e-04
816 2.82000e-04
700 3.18000e-04
569 3.70000e-04
1553 1.62000e-04
2195 1.14000e-04
937 2.50000e-04
1159 2.10000e-04
1331 1.90000e-04
3239 5.60000e-05
1499 1.68000e-04
660 3.34000e-04
1076 2.26000e-04
1500 1.68000e-04
1800 1.46000e-04
1581 1.60000e-04
1771 1.48000e-04
2658 9.60000e-05
3426 4.80000e-05
2236 1.12000e-04
769 2.96000e-04
2765 9.00000e-05
2321 1.08000e-04
2275 1.10000e-04
987 2.42000e-04
1110 2.18000e-04
1067 2.28000e-04
833 2.78000e-04
2276 1.10000e-04
2196 1.14000e-04
1738 1.50000e-04
664 3.32000e-04
1068 2.28000e-04
603 3.56000e-04
1480 1.70000e-04
3096 6.20000e-05
2026 1.30000e-04
2322 1.08000e-04
1481 1.70000e-04
2197 1.14000e-04
591 3.60000e-04
2046 1.28000e-04
1582 1.60000e-04
2074 1.24000e-04
770 2.96000e-04
2793 8.80000e-05
1000 2.40000e-04
1258 1.98000e-04
434 4.50000e-04
840 2.76000e-04
2237 1.12000e-04
3379 5.00000e-05
1353 1.88000e-04
1125 2.16000e-04
1224 2.02000e-04
319 5.68000e-04
671 3.28000e-04
1028 2.34000e-04
1535 1.64000e-04
1611 1.58000e-04
2851 8.40000e-05
573 3.68000e-04
1457 1.74000e-04
1674 1.54000e-04
3331 5.20000e-05
960 2.46000e-04
1739 1.50000e-04
2933 7.60000e-05
1675 1.54000e-04
415 4.68000e-04
1237 2.00000e-04
406 4.76000e-04
66 1.75800e-03
617 3.52000e-04
3464 4.60000e-05
2659 9.60000e-05
3380 5.00000e-05
2323 1.08000e-04
1740 1.50000e-04
1554 1.62000e-04
3332 5.20000e-05
2047 1.28000e-04
3026 6.60000e-05
2693 9.40000e-05
3240 5.60000e-05
3617 3.40000e-05
1583 1.60000e-04
3381 5.00000e-05
3382 5.00000e-05
3502 4.40000e-05
1741 1.50000e-04
1515 1.66000e-04
2660 9.60000e-05
1979 1.34000e-04
1145 2.12000e-04
2165 1.16000e-04
2889 8.00000e-05
1536 1.64000e-04
3503 4.40000e-05
1001 2.40000e-04
2490 1.02000e-04
3465 4.60000e-05
1295 1.94000e-04
3151 6.00000e-05
2238 1.12000e-04
2946 7.40000e-05
1555 1.62000e-04
3097 6.20000e-05
2852 8.40000e-05
2094 1.22000e-04
1466 1.72000e-04
2694 9.40000e-05
2198 1.14000e-04
3466 4.60000e-05
1676 1.54000e-04
2129 1.18000e-04
3618 3.40000e-05
1238 2.00000e-04
3290 5.40000e-05
3467 4.60000e-05
3591 3.80000e-05
2907 7.80000e-05
2695 9.40000e-05
2549 1.00000e-04
2380 1.06000e-04
1801 1.46000e-04
3592 3.80000e-05
2733 9.20000e-05
1423 1.78000e-04
2105 1.20000e-04
2277 1.10000e-04
3468 4.60000e-05
2608 9.80000e-05
1278 1.96000e-04
847 2.74000e-04
2661 9.60000e-05
988 2.42000e-04
2550 1.00000e-04
914 2.54000e-04
1332 1.90000e-04
915 2.54000e-04
2551 1.00000e-04
2324 1.08000e-04
552 3.78000e-04
1537 1.64000e-04
1104 2.20000e-04
1893 1.40000e-04
1059 2.30000e-04
1638 1.56000e-04
1160 2.10000e-04
1239 2.00000e-04
1382 1.84000e-04
676 3.26000e-04
2381 1.06000e-04
2130 1.18000e-04
742 3.04000e-04
908 2.56000e-04
2552 1.00000e-04
1894 1.40000e-04
2993 6.80000e-05
946 2.48000e-04
1044 2.32000e-04
2662 9.60000e-05
555 3.76000e-04
1957 1.36000e-04
2278 1.10000e-04
898 2.60000e-04
1639 1.56000e-04
1980 1.34000e-04
2663 9.60000e-05
1802 1.46000e-04
2199 1.14000e-04
638 3.40000e-04
633 3.44000e-04
541 3.84000e-04
430 4.56000e-04
1111 2.18000e-04
2664 9.60000e-05
2491 1.02000e-04
1803 1.46000e-04
2665 9.60000e-05
2131 1.18000e-04
2696 9.40000e-05
1981 1.34000e-04
1584 1.60000e-04
361 5.18000e-04
466 4.32000e-04
2492 1.02000e-04
3027 6.60000e-05
1844 1.44000e-04
1189 2.06000e-04
3333 5.20000e-05
1240 2.00000e-04
2825 8.60000e-05
1172 2.08000e-04
3544 4.20000e-05
3383 5.00000e-05
1710 1.52000e-04
1677 1.54000e-04
2493 1.02000e-04
2826 8.60000e-05
2609 9.80000e-05
3189 5.80000e-05
1444 1.76000e-04
1982 1.34000e-04
3628 3.20000e-05
2553 1.00000e-04
3241 5.60000e-05
1895 1.40000e-04
2440 1.04000e-04
2279 1.10000e-04
2494 1.02000e-04
1501 1.68000e-04
3291 5.40000e-05
1383 1.84000e-04
3504 4.40000e-05
3098 6.20000e-05
2095 1.22000e-04
1207 2.04000e-04
1112 2.18000e-04
1482 1.70000e-04
1131 2.14000e-04
1445 1.76000e-04
3028 6.60000e-05
3334 5.20000e-05
3152 6.00000e-05
1096 2.22000e-04
564 3.72000e-04
2554 1.00000e-04
3604 3.60000e-05
565 3.72000e-04
692 3.22000e-04
853 2.72000e-04
3065 6.40000e-05
701 3.18000e-04
2132 1.18000e-04
2766 9.00000e-05
1678 1.54000e-04
2934 7.60000e-05
1446 1.76000e-04
370 5.06000e-04
3505 4.40000e-05
2325 1.08000e-04
2853 8.40000e-05
2027 1.30000e-04
1872 1.42000e-04
1296 1.94000e-04
1845 1.44000e-04
1297 1.94000e-04
2908 7.80000e-05
1333 1.90000e-04
1640 1.56000e-04
926 2.52000e-04
592 3.60000e-04
2055 1.26000e-04
3427 4.80000e-05
2495 1.02000e-04
497 4.14000e-04
1334 1.90000e-04
416 4.68000e-04
868 2.68000e-04
437 4.48000e-04
1132 2.14000e-04
979 2.44000e-04
989 2.42000e-04
435 4.50000e-04
1060 2.30000e-04
398 4.82000e-04
900 2.58000e-04
645 3.38000e-04
938 2.50000e-04
2827 8.60000e-05
771 2.96000e-04
174 8.42000e-04
1742 1.50000e-04
1804 1.46000e-04
296 6.00000e-04
356 5.24000e-04
309 5.84000e-04
320 5.68000e-04
273 6.40000e-04
869 2.68000e-04
639 3.40000e-04
108 1.14400e-03
2854 8.40000e-05
752 3.02000e-04
650 3.36000e-04
2028 1.30000e-04
1161 2.10000e-04
1146 2.12000e-04
1335 1.90000e-04
2828 8.60000e-05
3335 5.20000e-05
796 2.88000e-04
3292 5.40000e-05
257 6.64000e-04
3099 6.20000e-05
2666 9.60000e-05
870 2.68000e-04
104 1.19800e-03
209 7.50000e-04
94 1.34000e-03
51 2.04800e-03
593 3.60000e-04
244 6.88000e-04
772 2.96000e-04
597 3.58000e-04
3593 3.80000e-05
372 5.04000e-04
2280 1.10000e-04
1711 1.52000e-04
488 4.18000e-04
759 3.00000e-04
2829 8.60000e-05
817 2.82000e-04
91 1.37400e-03
2855 8.40000e-05
314 5.76000e-04
1483 1.70000e-04
223 7.20000e-04
2935 7.60000e-05
1402 1.82000e-04
1208 2.04000e-04
1133 2.14000e-04
2947 7.40000e-05
3469 4.60000e-05
1317 1.92000e-04
231 7.04000e-04
990 2.42000e-04
3029 6.60000e-05
518 3.94000e-04
371 5.06000e-04
326 5.58000e-04
729 3.08000e-04
384 4.94000e-04
763 2.98000e-04
232 7.02000e-04
420 4.66000e-04
128 1.04200e-03
2961 7.20000e-05
393 4.86000e-04
131 1.03200e-03
503 4.08000e-04
604 3.56000e-04
218 7.34000e-04
441 4.46000e-04
347 5.28000e-04
193 7.92000e-04
258 6.62000e-04
1873 1.42000e-04
479 4.24000e-04
133 1.01000e-03
2326 1.08000e-04
165 8.64000e-04
1805 1.46000e-04
613 3.54000e-04
2382 1.06000e-04
1712 1.52000e-04
1225 2.02000e-04
302 5.94000e-04
132 1.01400e-03
2948 7.40000e-05
447 4.44000e-04
1585 1.60000e-04
442 4.46000e-04
2977 7.00000e-05
1367 1.86000e-04
2555 1.00000e-04
1209 2.04000e-04
1538 1.64000e-04
2909 7.80000e-05
1134 2.14000e-04
336 5.46000e-04
556 3.76000e-04
2327 1.08000e-04
376 4.98000e-04
1384 1.84000e-04
331 5.52000e-04
1173 2.08000e-04
871 2.68000e-04
346 5.30000e-04
262 6.56000e-04
378 4.96000e-04
2890 8.00000e-05
1241 2.00000e-04
388 4.90000e-04
1135 2.14000e-04
1874 1.42000e-04
294 6.04000e-04
789 2.90000e-04
1082 2.24000e-04
1896 1.40000e-04
1126 2.16000e-04
1612 1.58000e-04
2610 9.80000e-05
1077 2.26000e-04
2029 1.30000e-04
3153 6.00000e-05
3384 5.00000e-05
2556 1.00000e-04
3100 6.20000e-05
2496 1.02000e-04
991 2.42000e-04
947 2.48000e-04
824 2.80000e-04
892 2.62000e-04
2328 1.08000e-04
1242 2.00000e-04
2441 1.04000e-04
1846 1.44000e-04
421 4.62000e-04
2830 8.60000e-05
542 3.84000e-04
3190 5.80000e-05
1924 1.38000e-04
1641 1.56000e-04
1403 1.82000e-04
1679 1.54000e-04
303 5.94000e-04
1354 1.88000e-04
818 2.82000e-04
581 3.64000e-04
543 3.84000e-04
2611 9.80000e-05
483 4.20000e-04
400 4.78000e-04
780 2.94000e-04
797 2.88000e-04
1713 1.52000e-04
377 4.98000e-04
598 3.58000e-04
1069 2.28000e-04
2383 1.06000e-04
1484 1.70000e-04
2442 1.04000e-04
234 7.00000e-04
553 3.78000e-04
2166 1.16000e-04
1743 1.50000e-04
1210 2.04000e-04
916 2.54000e-04
743 3.04000e-04
345 5.32000e-04
2856 8.40000e-05
1078 2.26000e-04
176 8.32000e-04
1318 1.92000e-04
224 7.20000e-04
327 5.58000e-04
2075 1.24000e-04
2667 9.60000e-05
3594 3.80000e-05
438 4.48000e-04
1174 2.08000e-04
2994 6.80000e-05
813 2.84000e-04
1680 1.54000e-04
1424 1.78000e-04
876 2.66000e-04
570 3.70000e-04
1083 2.24000e-04
464 4.34000e-04
2048 1.28000e-04
1355 1.88000e-04
848 2.74000e-04
2030 1.30000e-04
2133 1.18000e-04
961 2.46000e-04
2612 9.80000e-05
2910 7.80000e-05
651 3.36000e-04
3030 6.60000e-05
472 4.28000e-04
3242 5.60000e-05
790 2.90000e-04
365 5.14000e-04
1136 2.14000e-04
652 3.36000e-04
3101 6.20000e-05
2734 9.20000e-05
2995 6.80000e-05
2076 1.24000e-04
2096 1.22000e-04
1029 2.34000e-04
2134 1.18000e-04
2097 1.22000e-04
1516 1.66000e-04
3191 5.80000e-05
2831 8.60000e-05
1642 1.56000e-04
3506 4.40000e-05
2329 1.08000e-04
3470 4.60000e-05
2497 1.02000e-04
3428 4.80000e-05
2498 1.02000e-04
3293 5.40000e-05
3294 5.40000e-05
1681 1.54000e-04
1806 1.46000e-04
1807 1.46000e-04
2031 1.30000e-04
1458 1.74000e-04
862 2.70000e-04
1556 1.62000e-04
2767 9.00000e-05
744 3.04000e-04
1643 1.56000e-04
2697 9.40000e-05
1714 1.52000e-04
1586 1.60000e-04
1925 1.38000e-04
2978 7.00000e-05
614 3.54000e-04
1557 1.62000e-04
561 3.74000e-04
313 5.78000e-04
507 4.02000e-04
121 1.07800e-03
443 4.46000e-04
64 1.79400e-03
27 2.86200e-03
45 2.22600e-03
55 1.99000e-03
158 8.82000e-04
241 6.90000e-04
23 3.14000e-03
29 2.82400e-03
35 2.43200e-03
19 3.43800e-03
22 3.20800e-03
25 3.07400e-03
71 1.67400e-03
56 1.97600e-03
5 7.25400e-03
72 1.64400e-03
58 1.93400e-03
53 2.00200e-03
98 1.30200e-03
47 2.13400e-03
1137 2.14000e-04
24 3.08800e-03
12 4.49200e-03
0 1.10780e-02
37 2.39000e-03
3 8.34000e-03
1 9.70200e-03
135 9.84000e-04
18 3.50600e-03
3336 5.20000e-05
3545 4.20000e-05
3546 4.20000e-05
2613 9.80000e-05
3102 6.20000e-05
3571 4.00000e-05
2499 1.02000e-04
1259 1.98000e-04
2614 9.80000e-05
2239 1.12000e-04
2735 9.20000e-05
2135 1.18000e-04
1385 1.84000e-04
1744 1.50000e-04
2136 1.18000e-04
1745 1.50000e-04
1502 1.68000e-04
2200 1.14000e-04
1746 1.50000e-04
1279 1.96000e-04
3154 6.00000e-05
2557 1.00000e-04
3547 4.20000e-05
2996 6.80000e-05
1260 1.98000e-04
3337 5.20000e-05
1926 1.38000e-04
2384 1.06000e-04
3338 5.20000e-05
2794 8.80000e-05
3619 3.40000e-05
1772 1.48000e-04
3243 5.60000e-05
1243 2.00000e-04
2558 1.00000e-04
2106 1.20000e-04
3507 4.40000e-05
3429 4.80000e-05
1587 1.60000e-04
1747 1.50000e-04
2137 1.18000e-04
1105 2.20000e-04
1748 1.50000e-04
1539 1.64000e-04
764 2.98000e-04
1773 1.48000e-04
2615 9.80000e-05
1425 1.78000e-04
2138 1.18000e-04
1558 1.62000e-04
635 3.42000e-04
2385 1.06000e-04
1447 1.76000e-04
1588 1.60000e-04
2201 1.14000e-04
2202 1.14000e-04
2167 1.16000e-04
1613 1.58000e-04
760 3.00000e-04
1503 1.68000e-04
3595 3.80000e-05
3572 4.00000e-05
3295 5.40000e-05
2203 1.14000e-04
3244 5.60000e-05
582 3.64000e-04
1162 2.10000e-04
3296 5.40000e-05
1244 2.00000e-04
2736 9.20000e-05
2056 1.26000e-04
1927 1.38000e-04
1715 1.52000e-04
2330 1.08000e-04
3297 5.40000e-05
2077 1.24000e-04
2281 1.10000e-04
2240 1.12000e-04
2057 1.26000e-04
3103 6.20000e-05
3573 4.00000e-05
3192 5.80000e-05
1847 1.44000e-04
1808 1.46000e-04
2386 1.06000e-04
3193 5.80000e-05
2768 9.00000e-05
1682 1.54000e-04
730 3.08000e-04
2387 1.06000e-04
1559 1.62000e-04
786 2.92000e-04
2032 1.30000e-04
1226 2.02000e-04
1560 1.62000e-04
2891 8.00000e-05
2282 1.10000e-04
2559 1.00000e-04
1211 2.04000e-04
2698 9.40000e-05
2500 1.02000e-04
901 2.58000e-04
3298 5.40000e-05
2769 9.00000e-05
3508 4.40000e-05
3385 5.00000e-05
1190 2.06000e-04
1368 1.86000e-04
2997 6.80000e-05
1848 1.44000e-04
3386 5.00000e-05
2139 1.18000e-04
3605 3.60000e-05
2388 1.06000e-04
3245 5.60000e-05
1045 2.32000e-04
3246 5.60000e-05
2331 1.08000e-04
2795 8.80000e-05
3155 6.00000e-05
1191 2.06000e-04
1958 1.36000e-04
1404 1.82000e-04
2283 1.10000e-04
2168 1.16000e-04
2796 8.80000e-05
3247 5.60000e-05
1448 1.76000e-04
2078 1.24000e-04
3339 5.20000e-05
2501 1.02000e-04
2332 1.08000e-04
1411 1.80000e-04
1175 2.08000e-04
2241 1.12000e-04
2979 7.00000e-05
3066 6.40000e-05
2560 1.00000e-04
2204 1.14000e-04
2389 1.06000e-04
3639 2.40000e-05
2333 1.08000e-04
3248 5.60000e-05
2443 1.04000e-04
1809 1.46000e-04
1386 1.84000e-04
2502 1.02000e-04
2444 1.04000e-04
2561 1.00000e-04
1589 1.60000e-04
2737 9.20000e-05
2562 1.00000e-04
3194 5.80000e-05
2334 1.08000e-04
2005 1.32000e-04
2335 1.08000e-04
1810 1.46000e-04
3104 6.20000e-05
2877 8.20000e-05
3249 5.60000e-05
3067 6.40000e-05
3620 3.40000e-05
2336 1.08000e-04
804 2.86000e-04
1319 1.92000e-04
3105 6.20000e-05
1774 1.48000e-04
2242 1.12000e-04
1280 1.96000e-04
2337 1.08000e-04
1336 1.90000e-04
3509 4.40000e-05
2998 6.80000e-05
2079 1.24000e-04
3031 6.60000e-05
3430 4.80000e-05
2445 1.04000e-04
3574 4.00000e-05
2390 1.06000e-04
3431 4.80000e-05
1749 1.50000e-04
1614 1.58000e-04
3575 4.00000e-05
1683 1.54000e-04
1644 1.56000e-04
3548 4.20000e-05
2338 1.08000e-04
1775 1.48000e-04
2699 9.40000e-05
3250 5.60000e-05
1897 1.40000e-04
3299 5.40000e-05
2446 1.04000e-04
3432 4.80000e-05
3387 5.00000e-05
1875 1.42000e-04
2999 6.80000e-05
1750 1.50000e-04
980 2.44000e-04
3433 4.80000e-05
3633 3.00000e-05
2447 1.04000e-04
3032 6.60000e-05
2857 8.40000e-05
1751 1.50000e-04
2339 1.08000e-04
2391 1.06000e-04
2738 9.20000e-05
2980 7.00000e-05
1227 2.02000e-04
1615 1.58000e-04
1084 2.24000e-04
2616 9.80000e-05
1561 1.62000e-04
2858 8.40000e-05
3340 5.20000e-05
1228 2.02000e-04
2503 1.02000e-04
3195 5.80000e-05
1811 1.46000e-04
1405 1.82000e-04
2340 1.08000e-04
2981 7.00000e-05
1298 1.94000e-04
2617 9.80000e-05
2448 1.04000e-04
2504 1.02000e-04
1030 2.34000e-04
3106 6.20000e-05
3576 4.00000e-05
2618 9.80000e-05
2205 1.14000e-04
3196 5.80000e-05
3621 3.40000e-05
1229 2.02000e-04
3606 3.60000e-05
2169 1.16000e-04
1716 1.52000e-04
3510 4.40000e-05
3197 5.80000e-05
1337 1.90000e-04
1645 1.56000e-04
825 2.80000e-04
2949 7.40000e-05
2700 9.40000e-05
1928 1.38000e-04
3341 5.20000e-05
2982 7.00000e-05
2911 7.80000e-05
3068 6.40000e-05
2449 1.04000e-04
1717 1.52000e-04
3342 5.20000e-05
1929 1.38000e-04
3251 5.60000e-05
1212 2.04000e-04
1031 2.34000e-04
2450 1.04000e-04
3300 5.40000e-05
3471 4.60000e-05
3388 5.00000e-05
1616 1.58000e-04
2284 1.10000e-04
1281 1.96000e-04
1849 1.44000e-04
2668 9.60000e-05
3511 4.40000e-05
1646 1.56000e-04
2505 1.02000e-04
3198 5.80000e-05
2912 7.80000e-05
2285 1.10000e-04
2243 1.12000e-04
1070 2.28000e-04
2107 1.20000e-04
2506 1.02000e-04
2832 8.60000e-05
1812 1.46000e-04
2619 9.80000e-05
3199 5.80000e-05
2341 1.08000e-04
2342 1.08000e-04
2797 8.80000e-05
3596 3.80000e-05
2798 8.80000e-05
1517 1.66000e-04
1176 2.08000e-04
2451 1.04000e-04
1959 1.36000e-04
3200 5.80000e-05
2799 8.80000e-05
3033 6.60000e-05
1617 1.58000e-04
1876 1.42000e-04
1369 1.86000e-04
1618 1.58000e-04
3512 4.40000e-05
2392 1.06000e-04
2244 1.12000e-04
2620 9.80000e-05
1299 1.94000e-04
1960 1.36000e-04
3156 6.00000e-05
2770 9.00000e-05
2936 7.60000e-05
2033 1.30000e-04
2286 1.10000e-04
2507 1.02000e-04
2621 9.80000e-05
2701 9.40000e-05
3301 5.40000e-05
3389 5.00000e-05
3434 4.80000e-05
2393 1.06000e-04
2452 1.04000e-04
1983 1.34000e-04
1718 1.52000e-04
3513 4.40000e-05
1719 1.52000e-04
2108 1.20000e-04
2771 9.00000e-05
3514 4.40000e-05
3472 4.60000e-05
2453 1.04000e-04
3157 6.00000e-05
2739 9.20000e-05
3201 5.80000e-05
3549 4.20000e-05
927 2.52000e-04
981 2.44000e-04
1245 2.00000e-04
2702 9.40000e-05
480 4.24000e-04
2892 8.00000e-05
1213 2.04000e-04
1320 1.92000e-04
1426 1.78000e-04
1813 1.46000e-04
2006 1.32000e-04
3202 5.80000e-05
1850 1.44000e-04
2563 1.00000e-04
3550 4.20000e-05
1504 1.68000e-04
1619 1.58000e-04
2049 1.28000e-04
1246 2.00000e-04
1002 2.40000e-04
524 3.92000e-04
665 3.32000e-04
883 2.64000e-04
826 2.80000e-04
1247 2.00000e-04
306 5.88000e-04
247 6.84000e-04
357 5.24000e-04
725 3.10000e-04
288 6.12000e-04
206 7.56000e-04
2343 1.08000e-04
394 4.86000e-04
1163 2.10000e-04
1106 2.20000e-04
1282 1.96000e-04
2140 1.18000e-04
677 3.26000e-04
2206 1.14000e-04
3551 4.20000e-05
1851 1.44000e-04
498 4.14000e-04
618 3.52000e-04
948 2.48000e-04
1192 2.06000e-04
1261 1.98000e-04
962 2.46000e-04
2454 1.04000e-04
583 3.64000e-04
3034 6.60000e-05
290 6.08000e-04
324 5.60000e-04
41 2.29000e-03
282 6.24000e-04
467 4.32000e-04
1356 1.88000e-04
1262 1.98000e-04
379 4.96000e-04
928 2.52000e-04
87 1.41600e-03
3107 6.20000e-05
203 7.60000e-04
452 4.42000e-04
939 2.50000e-04
140 9.42000e-04
353 5.26000e-04
574 3.68000e-04
431 4.52000e-04
3252 5.60000e-05
401 4.78000e-04
2913 7.80000e-05
1814 1.46000e-04
3302 5.40000e-05
1085 2.24000e-04
3108 6.20000e-05
1193 2.06000e-04
1720 1.52000e-04
1097 2.22000e-04
929 2.52000e-04
2508 1.02000e-04
884 2.64000e-04
1590 1.60000e-04
2833 8.60000e-05
2622 9.80000e-05
575 3.68000e-04
2914 7.80000e-05
475 4.26000e-04
1898 1.40000e-04
791 2.90000e-04
819 2.82000e-04
1518 1.66000e-04
1230 2.02000e-04
1177 2.08000e-04
3552 4.20000e-05
963 2.46000e-04
2703 9.40000e-05
3158 6.00000e-05
1899 1.40000e-04
765 2.98000e-04
2983 7.00000e-05
702 3.18000e-04
571 3.70000e-04
493 4.16000e-04
1147 2.12000e-04
3035 6.60000e-05
2344 1.08000e-04
492 4.16000e-04
737 3.06000e-04
917 2.54000e-04
342 5.34000e-04
3390 5.00000e-05
731 3.08000e-04
2564 1.00000e-04
1032 2.34000e-04
1178 2.08000e-04
391 4.88000e-04
726 3.10000e-04
114 1.10200e-03
2962 7.20000e-05
562 3.74000e-04
708 3.16000e-04
514 3.96000e-04
499 4.14000e-04
207 7.56000e-04
1231 2.02000e-04
530 3.90000e-04
49 2.11000e-03
9 5.25800e-03
184 8.08000e-04
494 4.16000e-04
964 2.46000e-04
214 7.38000e-04
805 2.86000e-04
584 3.64000e-04
1033 2.34000e-04
322 5.64000e-04
1086 2.24000e-04
79 1.52000e-03
453 4.42000e-04
2565 1.00000e-04
2141 1.18000e-04
286 6.14000e-04
495 4.16000e-04
909 2.56000e-04
732 3.08000e-04
761 3.00000e-04
458 4.38000e-04
605 3.56000e-04
3159 6.00000e-05
2345 1.08000e-04
1370 1.86000e-04
949 2.48000e-04
3036 6.60000e-05
2346 1.08000e-04
2050 1.28000e-04
2058 1.26000e-04
745 3.04000e-04
2287 1.10000e-04
2245 1.12000e-04
606 3.56000e-04
849 2.74000e-04
222 7.30000e-04
154 8.96000e-04
2080 1.24000e-04
1179 2.08000e-04
850 2.74000e-04
2059 1.26000e-04
576 3.68000e-04
399 4.80000e-04
3343 5.20000e-05
392 4.88000e-04
1930 1.38000e-04
297 6.00000e-04
341 5.36000e-04
636 3.42000e-04
2007 1.32000e-04
1263 1.98000e-04
1300 1.94000e-04
366 5.14000e-04
2509 1.02000e-04
2566 1.00000e-04
2142 1.18000e-04
2893 8.00000e-05
2288 1.10000e-04
2623 9.80000e-05
1852 1.44000e-04
3303 5.40000e-05
3391 5.00000e-05
3069 6.40000e-05
2008 1.32000e-04
3160 6.00000e-05
2394 1.06000e-04
2567 1.00000e-04
3597 3.80000e-05
3473 4.60000e-05
3253 5.60000e-05
2289 1.10000e-04
2510 1.02000e-04
1900 1.40000e-04
3515 4.40000e-05
2511 1.02000e-04
2704 9.40000e-05
2347 1.08000e-04
3392 5.00000e-05
2348 1.08000e-04
3577 4.00000e-05
1684 1.54000e-04
3393 5.00000e-05
2800 8.80000e-05
2395 1.06000e-04
3344 5.20000e-05
3474 4.60000e-05
1519 1.66000e-04
1264 1.98000e-04
2455 1.04000e-04
1853 1.44000e-04
1562 1.62000e-04
2801 8.80000e-05
2349 1.08000e-04
2894 8.00000e-05
1752 1.50000e-04
2170 1.16000e-04
2802 8.80000e-05
3345 5.20000e-05
2246 1.12000e-04
2512 1.02000e-04
1412 1.80000e-04
2247 1.12000e-04
2456 1.04000e-04
3598 3.80000e-05
3346 5.20000e-05
2207 1.14000e-04
2915 7.80000e-05
3161 6.00000e-05
1854 1.44000e-04
3394 5.00000e-05
2208 1.14000e-04
2568 1.00000e-04
1984 1.34000e-04
1107 2.20000e-04
1371 1.86000e-04
3203 5.80000e-05
3553 4.20000e-05
2290 1.10000e-04
1721 1.52000e-04
3000 6.80000e-05
1459 1.74000e-04
2984 7.00000e-05
2963 7.20000e-05
1931 1.38000e-04
3347 5.20000e-05
3162 6.00000e-05
2350 1.08000e-04
3254 5.60000e-05
3622 3.40000e-05
2291 1.10000e-04
3516 4.40000e-05
2396 1.06000e-04
3163 6.00000e-05
1019 2.36000e-04
1301 1.94000e-04
2143 1.18000e-04
3304 5.40000e-05
1961 1.36000e-04
2705 9.40000e-05
2292 1.10000e-04
2397 1.06000e-04
1138 2.14000e-04
2209 1.14000e-04
885 2.64000e-04
2803 8.80000e-05
2513 1.02000e-04
1505 1.68000e-04
2624 9.80000e-05
3517 4.40000e-05
2625 9.80000e-05
2804 8.80000e-05
2210 1.14000e-04
3518 4.40000e-05
3204 5.80000e-05
2740 9.20000e-05
1164 2.10000e-04
1815 1.46000e-04
2457 1.04000e-04
1357 1.88000e-04
2060 1.26000e-04
2109 1.20000e-04
3395 5.00000e-05
3037 6.60000e-05
3554 4.20000e-05
1563 1.62000e-04
2916 7.80000e-05
2171 1.16000e-04
3555 4.20000e-05
3164 6.00000e-05
3578 4.00000e-05
3255 5.60000e-05
2398 1.06000e-04
1985 1.34000e-04
3109 6.20000e-05
3256 5.60000e-05
1816 1.46000e-04
2351 1.08000e-04
2805 8.80000e-05
3257 5.60000e-05
3519 4.40000e-05
2352 1.08000e-04
2834 8.60000e-05
3165 6.00000e-05
1753 1.50000e-04
2706 9.40000e-05
3305 5.40000e-05
1817 1.46000e-04
2741 9.20000e-05
3166 6.00000e-05
3520 4.40000e-05
3475 4.60000e-05
2626 9.80000e-05
2458 1.04000e-04
2211 1.14000e-04
2835 8.60000e-05
2399 1.06000e-04
3348 5.20000e-05
3599 3.80000e-05
1591 1.60000e-04
3070 6.40000e-05
1449 1.76000e-04
3205 5.80000e-05
3396 5.00000e-05
2293 1.10000e-04
965 2.46000e-04
3397 5.00000e-05
1932 1.38000e-04
1564 1.62000e-04
966 2.46000e-04
3349 5.20000e-05
1540 1.64000e-04
893 2.62000e-04
1087 2.24000e-04
2707 9.40000e-05
1148 2.12000e-04
1722 1.52000e-04
1214 2.04000e-04
2859 8.40000e-05
3258 5.60000e-05
2708 9.40000e-05
2110 1.20000e-04
1358 1.88000e-04
2514 1.02000e-04
1013 2.38000e-04
1685 1.54000e-04
3579 4.00000e-05
2459 1.04000e-04
1520 1.66000e-04
2248 1.12000e-04
834 2.78000e-04
3110 6.20000e-05
2081 1.24000e-04
1686 1.54000e-04
2515 1.02000e-04
3111 6.20000e-05
1248 2.00000e-04
2353 1.08000e-04
2895 8.00000e-05
2294 1.10000e-04
2400 1.06000e-04
2709 9.40000e-05
3398 5.00000e-05
2295 1.10000e-04
1406 1.82000e-04
1249 2.00000e-04
3580 4.00000e-05
1541 1.64000e-04
2627 9.80000e-05
1877 1.42000e-04
2009 1.32000e-04
1427 1.78000e-04
3038 6.60000e-05
1387 1.84000e-04
3350 5.20000e-05
3435 4.80000e-05
3521 4.40000e-05
2296 1.10000e-04
2860 8.40000e-05
930 2.52000e-04
2111 1.20000e-04
1232 2.02000e-04
2010 1.32000e-04
536 3.86000e-04
854 2.72000e-04
1020 2.36000e-04
233 7.02000e-04
661 3.34000e-04
281 6.28000e-04
138 9.54000e-04
1215 2.04000e-04
1046 2.32000e-04
982 2.44000e-04
1506 1.68000e-04
1321 1.92000e-04
3206 5.80000e-05
459 4.38000e-04
1338 1.90000e-04
550 3.80000e-04
615 3.54000e-04
1776 1.48000e-04
3600 3.80000e-05
2669 9.60000e-05
2144 1.18000e-04
693 3.22000e-04
1265 1.98000e-04
3259 5.60000e-05
2937 7.60000e-05
1620 1.58000e-04
2569 1.00000e-04
3167 6.00000e-05
2034 1.30000e-04
3001 6.80000e-05
753 3.02000e-04
1250 2.00000e-04
1647 1.56000e-04
3581 4.00000e-05
754 3.02000e-04
2098 1.22000e-04
2710 9.40000e-05
3351 5.20000e-05
3399 5.00000e-05
2742 9.20000e-05
1565 1.62000e-04
1878 1.42000e-04
1777 1.48000e-04
3260 5.60000e-05
2516 1.02000e-04
1855 1.44000e-04
950 2.48000e-04
2249 1.12000e-04
2460 1.04000e-04
2836 8.60000e-05
886 2.64000e-04
3352 5.20000e-05
1933 1.38000e-04
3306 5.40000e-05
1566 1.62000e-04
2035 1.30000e-04
1460 1.74000e-04
3168 6.00000e-05
2401 1.06000e-04
2145 1.18000e-04
3476 4.60000e-05
3400 5.00000e-05
1986 1.34000e-04
3002 6.80000e-05
1322 1.92000e-04
1283 1.96000e-04
1754 1.50000e-04
3112 6.20000e-05
1567 1.62000e-04
1359 1.88000e-04
3556 4.20000e-05
1194 2.06000e-04
2112 1.20000e-04
820 2.82000e-04
2061 1.26000e-04
2212 1.14000e-04
1195 2.06000e-04
2711 9.40000e-05
2402 1.06000e-04
3039 6.60000e-05
1428 1.78000e-04
2062 1.26000e-04
1592 1.60000e-04
2172 1.16000e-04
2670 9.60000e-05
1621 1.58000e-04
1879 1.42000e-04
3113 6.20000e-05
3623 3.40000e-05
2297 1.10000e-04
918 2.54000e-04
1687 1.54000e-04
899 2.60000e-04
1113 2.18000e-04
2173 1.16000e-04
703 3.18000e-04
1003 2.40000e-04
1901 1.40000e-04
557 3.76000e-04
694 3.22000e-04
2570 1.00000e-04
3582 4.00000e-05
1047 2.32000e-04
1048 2.32000e-04
3353 5.20000e-05
2571 1.00000e-04
2572 1.00000e-04
2772 9.00000e-05
2250 1.12000e-04
2712 9.40000e-05
1688 1.54000e-04
2573 1.00000e-04
1818 1.46000e-04
2213 1.14000e-04
2011 1.32000e-04
1372 1.86000e-04
2964 7.20000e-05
1723 1.52000e-04
343 5.34000e-04
2251 1.12000e-04
2403 1.06000e-04
919 2.54000e-04
3354 5.20000e-05
967 2.46000e-04
2404 1.06000e-04
2146 1.18000e-04
1014 2.38000e-04
1568 1.62000e-04
841 2.76000e-04
855 2.72000e-04
3307 5.40000e-05
2517 1.02000e-04
2628 9.80000e-05
308 5.86000e-04
348 5.28000e-04
678 3.26000e-04
1521 1.66000e-04
3607 3.60000e-05
1522 1.66000e-04
1648 1.56000e-04
773 2.96000e-04
3114 6.20000e-05
1388 1.84000e-04
2082 1.24000e-04
2574 1.00000e-04
3629 3.20000e-05
2298 1.10000e-04
1902 1.40000e-04
3207 5.80000e-05
2405 1.06000e-04
2671 9.60000e-05
2461 1.04000e-04
2896 8.00000e-05
3355 5.20000e-05
2354 1.08000e-04
2299 1.10000e-04
2036 1.30000e-04
3115 6.20000e-05
3630 3.20000e-05
3208 5.80000e-05
2629 9.80000e-05
2113 1.20000e-04
1061 2.30000e-04
3040 6.60000e-05
2917 7.80000e-05
1962 1.36000e-04
3261 5.60000e-05
2743 9.20000e-05
1649 1.56000e-04
3401 5.00000e-05
1389 1.84000e-04
3477 4.60000e-05
2878 8.20000e-05
2174 1.16000e-04
792 2.90000e-04
2518 1.02000e-04
2713 9.40000e-05
2575 1.00000e-04
3116 6.20000e-05
1650 1.56000e-04
2519 1.02000e-04
3402 5.00000e-05
2630 9.80000e-05
2300 1.10000e-04
1339 1.90000e-04
1819 1.46000e-04
3478 4.60000e-05
781 2.94000e-04
3436 4.80000e-05
3041 6.60000e-05
2714 9.40000e-05
2806 8.80000e-05
1114 2.18000e-04
3608 3.60000e-05
3479 4.60000e-05
1251 2.00000e-04
1651 1.56000e-04
1820 1.46000e-04
2214 1.14000e-04
3480 4.60000e-05
3437 4.80000e-05
2520 1.02000e-04
2147 1.18000e-04
1429 1.78000e-04
3117 6.20000e-05
2355 1.08000e-04
1413 1.80000e-04
3403 5.00000e-05
3209 5.80000e-05
3404 5.00000e-05
2576 1.00000e-04
992 2.42000e-04
2356 1.08000e-04
1934 1.38000e-04
3042 6.60000e-05
1821 1.46000e-04
2744 9.20000e-05
3308 5.40000e-05
2672 9.60000e-05
806 2.86000e-04
3118 6.20000e-05
2252 1.12000e-04
537 3.86000e-04
1935 1.38000e-04
2301 1.10000e-04
2745 9.20000e-05
1856 1.44000e-04
2063 1.26000e-04
2357 1.08000e-04
1071 2.28000e-04
2215 1.14000e-04
1963 1.36000e-04
1467 1.72000e-04
1936 1.38000e-04
2406 1.06000e-04
1390 1.84000e-04
2114 1.20000e-04
2918 7.80000e-05
3438 4.80000e-05
2175 1.16000e-04
1430 1.78000e-04
2879 8.20000e-05
3262 5.60000e-05
827 2.80000e-04
3309 5.40000e-05
2407 1.06000e-04
1004 2.40000e-04
2408 1.06000e-04
951 2.48000e-04
3557 4.20000e-05
2302 1.10000e-04
1964 1.36000e-04
1507 1.68000e-04
3356 5.20000e-05
1987 1.34000e-04
3043 6.60000e-05
3357 5.20000e-05
1778 1.48000e-04
3263 5.60000e-05
1857 1.44000e-04
1937 1.38000e-04
798 2.88000e-04
1139 2.14000e-04
887 2.64000e-04
1542 1.64000e-04
662 3.34000e-04
1755 1.50000e-04
2715 9.40000e-05
1903 1.40000e-04
2303 1.10000e-04
2216 1.14000e-04
2950 7.40000e-05
1062 2.30000e-04
1485 1.70000e-04
2409 1.06000e-04
1593 1.60000e-04
2521 1.02000e-04
1965 1.36000e-04
2746 9.20000e-05
1252 2.00000e-04
2410 1.06000e-04
3044 6.60000e-05
1652 1.56000e-04
1966 1.36000e-04
1756 1.50000e-04
1689 1.54000e-04
2716 9.40000e-05
3522 4.40000e-05
1569 1.62000e-04
3264 5.60000e-05
1822 1.46000e-04
3405 5.00000e-05
1904 1.40000e-04
2115 1.20000e-04
1967 1.36000e-04
3265 5.60000e-05
2012 1.32000e-04
3310 5.40000e-05
2411 1.06000e-04
1858 1.44000e-04
3003 6.80000e-05
1486 1.70000e-04
1468 1.72000e-04
2064 1.26000e-04
1653 1.56000e-04
1487 1.70000e-04
2412 1.06000e-04
1284 1.96000e-04
2951 7.40000e-05
2037 1.30000e-04
1988 1.34000e-04
423 4.60000e-04
2116 1.20000e-04
835 2.78000e-04
3266 5.60000e-05
1079 2.26000e-04
1488 1.70000e-04
3558 4.20000e-05
1989 1.34000e-04
888 2.64000e-04
3004 6.80000e-05
1149 2.12000e-04
1431 1.78000e-04
782 2.94000e-04
2462 1.04000e-04
3523 4.40000e-05
1108 2.20000e-04
1015 2.38000e-04
2463 1.04000e-04
1905 1.40000e-04
2631 9.80000e-05
2807 8.80000e-05
1654 1.56000e-04
2253 1.12000e-04
2717 9.40000e-05
3439 4.80000e-05
2148 1.18000e-04
3358 5.20000e-05
2897 8.00000e-05
2217 1.14000e-04
2773 9.00000e-05
1906 1.40000e-04
2149 1.18000e-04
1196 2.06000e-04
698 3.20000e-04
2117 1.20000e-04
2774 9.00000e-05
439 4.48000e-04
902 2.58000e-04
229 7.06000e-04
1622 1.58000e-04
2577 1.00000e-04
505 4.04000e-04
1968 1.36000e-04
2358 1.08000e-04
940 2.50000e-04
3267 5.60000e-05
3210 5.80000e-05
3005 6.80000e-05
3635 2.80000e-05
2578 1.00000e-04
1757 1.50000e-04
2898 8.00000e-05
3119 6.20000e-05
1414 1.80000e-04
328 5.54000e-04
1253 2.00000e-04
1373 1.86000e-04
333 5.50000e-04
1758 1.50000e-04
2304 1.10000e-04
1508 1.68000e-04
1655 1.56000e-04
1570 1.62000e-04
2051 1.28000e-04
715 3.14000e-04
704 3.18000e-04
1571 1.62000e-04
2775 9.00000e-05
3120 6.20000e-05
903 2.58000e-04
3440 4.80000e-05
1990 1.34000e-04
3006 6.80000e-05
709 3.16000e-04
814 2.84000e-04
460 4.38000e-04
89 1.38000e-03
1391 1.84000e-04
1165 2.10000e-04
1005 2.40000e-04
1572 1.62000e-04
396 4.84000e-04
1407 1.82000e-04
1150 2.12000e-04
2013 1.32000e-04
3631 3.20000e-05
1323 1.92000e-04
1166 2.10000e-04
2776 9.00000e-05
1302 1.94000e-04
1779 1.48000e-04
1938 1.38000e-04
1415 1.80000e-04
1991 1.34000e-04
1823 1.46000e-04
1034 2.34000e-04
481 4.24000e-04
807 2.86000e-04
397 4.84000e-04
672 3.28000e-04
103 1.21200e-03
727 3.10000e-04
235 6.98000e-04
1509 1.68000e-04
1127 2.16000e-04
1824 1.46000e-04
3311 5.40000e-05
3559 4.20000e-05
3441 4.80000e-05
1216 2.04000e-04
3121 6.20000e-05
2522 1.02000e-04
2014 1.32000e-04
1859 1.44000e-04
3007 6.80000e-05
2579 1.00000e-04
2673 9.60000e-05
2218 1.14000e-04
2580 1.00000e-04
1656 1.56000e-04
3045 6.60000e-05
1254 2.00000e-04
2919 7.80000e-05
667 3.30000e-04
1880 1.42000e-04
774 2.96000e-04
3122 6.20000e-05
1510 1.68000e-04
952 2.48000e-04
1469 1.72000e-04
931 2.52000e-04
2938 7.60000e-05
1035 2.34000e-04
920 2.54000e-04
1340 1.90000e-04
3637 2.60000e-05
1180 2.08000e-04
863 2.70000e-04
2150 1.18000e-04
3008 6.80000e-05
1543 1.64000e-04
1049 2.32000e-04
1098 2.22000e-04
2952 7.40000e-05
2523 1.02000e-04
3046 6.60000e-05
1544 1.64000e-04
3071 6.40000e-05
3123 6.20000e-05
2581 1.00000e-04
2965 7.20000e-05
1006 2.40000e-04
1181 2.08000e-04
1573 1.62000e-04
2118 1.20000e-04
2176 1.16000e-04
733 3.08000e-04
1182 2.08000e-04
484 4.20000e-04
1099 2.22000e-04
402 4.78000e-04
1374 1.86000e-04
2939 7.60000e-05
2861 8.40000e-05
2718 9.40000e-05
2219 1.14000e-04
3359 5.20000e-05
2719 9.40000e-05
2674 9.60000e-05
2675 9.60000e-05
3211 5.80000e-05
3169 6.00000e-05
2808 8.80000e-05
2809 8.80000e-05
1594 1.60000e-04
3442 4.80000e-05
1115 2.18000e-04
2632 9.80000e-05
2633 9.80000e-05
2880 8.20000e-05
3212 5.80000e-05
2524 1.02000e-04
3481 4.60000e-05
3072 6.40000e-05
1050 2.32000e-04
1341 1.90000e-04
3073 6.40000e-05
1233 2.02000e-04
2582 1.00000e-04
3213 5.80000e-05
1021 2.36000e-04
2720 9.40000e-05
2220 1.14000e-04
3312 5.40000e-05
1724 1.52000e-04
2634 9.80000e-05
1063 2.30000e-04
2413 1.06000e-04
2414 1.06000e-04
3124 6.20000e-05
2525 1.02000e-04
2635 9.80000e-05
1408 1.82000e-04
1303 1.94000e-04
2015 1.32000e-04
872 2.68000e-04
3214 5.80000e-05
1690 1.54000e-04
2415 1.06000e-04
3047 6.60000e-05
2065 1.26000e-04
1881 1.42000e-04
2953 7.40000e-05
2636 9.80000e-05
1595 1.60000e-04
2099 1.22000e-04
3268 5.60000e-05
1691 1.54000e-04
2526 1.02000e-04
3609 3.60000e-05
2221 1.14000e-04
1939 1.38000e-04
1450 1.76000e-04
1342 1.90000e-04
2810 8.80000e-05
1780 1.48000e-04
1285 1.96000e-04
3215 5.80000e-05
2527 1.02000e-04
1183 2.08000e-04
3443 4.80000e-05
2637 9.80000e-05
3583 4.00000e-05
3074 6.40000e-05
3406 5.00000e-05
1692 1.54000e-04
1470 1.72000e-04
3125 6.20000e-05
3216 5.80000e-05
1825 1.46000e-04
1907 1.40000e-04
3009 6.80000e-05
2747 9.20000e-05
2721 9.40000e-05
3269 5.60000e-05
1969 1.36000e-04
1623 1.58000e-04
3075 6.40000e-05
1304 1.94000e-04
2177 1.16000e-04
2777 9.00000e-05
1657 1.56000e-04
2066 1.26000e-04
1693 1.54000e-04
1826 1.46000e-04
2178 1.16000e-04
2862 8.40000e-05
3217 5.80000e-05
2778 9.00000e-05
1624 1.58000e-04
2583 1.00000e-04
1545 1.64000e-04
2779 9.00000e-05
2722 9.40000e-05
2464 1.04000e-04
1574 1.62000e-04
2780 9.00000e-05
3482 4.60000e-05
1471 1.72000e-04
2083 1.24000e-04
2528 1.02000e-04
2254 1.12000e-04
2416 1.06000e-04
1781 1.48000e-04
1022 2.36000e-04
2954 7.40000e-05
2899 8.00000e-05
3483 4.60000e-05
1694 1.54000e-04
3270 5.60000e-05
3271 5.60000e-05
2748 9.20000e-05
3126 6.20000e-05
1007 2.40000e-04
3524 4.40000e-05
1511 1.68000e-04
2676 9.60000e-05
2584 1.00000e-04
2465 1.04000e-04
1908 1.40000e-04
1197 2.06000e-04
3584 4.00000e-05
3360 5.20000e-05
2305 1.10000e-04
1782 1.48000e-04
1472 1.72000e-04
1596 1.60000e-04
3076 6.40000e-05
3484 4.60000e-05
3444 4.80000e-05
2781 9.00000e-05
2955 7.40000e-05
2084 1.24000e-04
2179 1.16000e-04
3127 6.20000e-05
2038 1.30000e-04
2749 9.20000e-05
1597 1.60000e-04
1827 1.46000e-04
3128 6.20000e-05
2529 1.02000e-04
1940 1.38000e-04
1305 1.94000e-04
3048 6.60000e-05
2638 9.80000e-05
3525 4.40000e-05
2255 1.12000e-04
2837 8.60000e-05
3445 4.80000e-05
2180 1.16000e-04
1828 1.46000e-04
3485 4.60000e-05
1783 1.48000e-04
2723 9.40000e-05
1909 1.40000e-04
3010 6.80000e-05
1343 1.90000e-04
856 2.72000e-04
2920 7.80000e-05
1759 1.50000e-04
3486 4.60000e-05
2151 1.18000e-04
3560 4.20000e-05
3407 5.00000e-05
3361 5.20000e-05
1860 1.44000e-04
3218 5.80000e-05
2639 9.80000e-05
3526 4.40000e-05
2119 1.20000e-04
3638 2.60000e-05
3077 6.40000e-05
2256 1.12000e-04
1432 1.78000e-04
2417 1.06000e-04
2585 1.00000e-04
3585 4.00000e-05
2586 1.00000e-04
3078 6.40000e-05
2811 8.80000e-05
3079 6.40000e-05
1344 1.90000e-04
1882 1.42000e-04
734 3.08000e-04
456 4.40000e-04
921 2.54000e-04
2152 1.18000e-04
1861 1.44000e-04
1286 1.96000e-04
1184 2.08000e-04
836 2.78000e-04
1489 1.70000e-04
2812 8.80000e-05
2677 9.60000e-05
1185 2.08000e-04
1941 1.38000e-04
3219 5.80000e-05
3129 6.20000e-05
3624 3.40000e-05
3011 6.80000e-05
2640 9.80000e-05
1345 1.90000e-04
2181 1.16000e-04
2966 7.20000e-05
2257 1.12000e-04
2985 7.00000e-05
2956 7.40000e-05
2530 1.02000e-04
3362 5.20000e-05
1695 1.54000e-04
3363 5.20000e-05
3364 5.20000e-05
3527 4.40000e-05
2182 1.16000e-04
2466 1.04000e-04
2863 8.40000e-05
2531 1.02000e-04
2587 1.00000e-04
1151 2.12000e-04
1375 1.86000e-04
2306 1.10000e-04
2067 1.26000e-04
1088 2.24000e-04
2359 1.08000e-04
2052 1.28000e-04
2153 1.18000e-04
554 3.78000e-04
1306 1.94000e-04
631 3.46000e-04
857 2.72000e-04
1051 2.32000e-04
1546 1.64000e-04
2183 1.16000e-04
3313 5.40000e-05
1883 1.42000e-04
519 3.94000e-04
1346 1.90000e-04
1255 2.00000e-04
889 2.64000e-04
607 3.56000e-04
799 2.88000e-04
412 4.72000e-04
720 3.12000e-04
2467 1.04000e-04
2222 1.14000e-04
1198 2.06000e-04
2724 9.40000e-05
2678 9.60000e-05
1266 1.98000e-04
255 6.66000e-04
551 3.80000e-04
2750 9.20000e-05
619 3.52000e-04
983 2.44000e-04
3220 5.80000e-05
1547 1.64000e-04
842 2.76000e-04
922 2.54000e-04
2039 1.30000e-04
864 2.70000e-04
380 4.96000e-04
511 3.98000e-04
3080 6.40000e-05
775 2.96000e-04
403 4.78000e-04
679 3.26000e-04
127 1.05800e-03
2782 9.00000e-05
837 2.78000e-04
755 3.02000e-04
119 1.08800e-03
177 8.28000e-04
363 5.16000e-04
482 4.24000e-04
566 3.72000e-04
289 6.12000e-04
968 2.46000e-04
1100 2.22000e-04
710 3.16000e-04
100 1.27600e-03
1490 1.70000e-04
2258 1.12000e-04
538 3.86000e-04
387 4.92000e-04
283 6.22000e-04
808 2.86000e-04
164 8.68000e-04
96 1.31400e-03
454 4.42000e-04
666 3.32000e-04
312 5.80000e-04
151 9.06000e-04
259 6.62000e-04
368 5.08000e-04
299 5.98000e-04
83 1.43200e-03
338 5.44000e-04
2223 1.14000e-04
843 2.76000e-04
448 4.44000e-04
250 6.72000e-04
116 1.09800e-03
349 5.28000e-04
88 1.41200e-03
69 1.70600e-03
42 2.27200e-03
15 3.80000e-03
680 3.26000e-04
461 4.38000e-04
260 6.60000e-04
608 3.56000e-04
26 2.99000e-03
1451 1.76000e-04
57 1.97600e-03
276 6.34000e-04
122 1.07600e-03
640 3.40000e-04
350 5.28000e-04
315 5.74000e-04
7 6.07000e-03
8 5.93000e-03
4 7.59600e-03
787 2.92000e-04
80 1.51400e-03
783 2.94000e-04
993 2.42000e-04
279 6.30000e-04
1036 2.34000e-04
