2832 3.40000e-05
1825 1.28000e-04
2405 7.80000e-05
1224 1.98000e-04
1969 1.12000e-04
813 2.80000e-04
1466 1.64000e-04
2068 1.04000e-04
2379 8.20000e-05
2406 7.80000e-05
779 2.88000e-04
1225 1.98000e-04
1068 2.22000e-04
745 2.98000e-04
1644 1.48000e-04
542 3.78000e-04
616 3.44000e-04
1411 1.70000e-04
2485 6.60000e-05
2415 7.60000e-05
1169 2.04000e-04
2176 9.80000e-05
2706 5.00000e-05
1686 1.44000e-04
1995 1.10000e-04
649 3.30000e-04
1349 1.80000e-04
1645 1.48000e-04
1069 2.22000e-04
2109 1.02000e-04
1076 2.20000e-04
267 5.98000e-04
438 4.38000e-04
1138 2.10000e-04
1259 1.94000e-04
935 2.52000e-04
901 2.58000e-04
1116 2.12000e-04
1910 1.18000e-04
1924 1.16000e-04
1117 2.12000e-04
839 2.72000e-04
1911 1.18000e-04
832 2.74000e-04
2486 6.60000e-05
751 2.96000e-04
1619 1.50000e-04
2541 6.20000e-05
1278 1.92000e-04
1170 2.04000e-04
2621 5.60000e-05
1366 1.76000e-04
1077 2.20000e-04
321 5.36000e-04
2542 6.20000e-05
586 3.56000e-04
552 3.74000e-04
1776 1.34000e-04
865 2.66000e-04
1872 1.22000e-04
243 6.50000e-04
2543 6.20000e-05
1855 1.24000e-04
1186 2.02000e-04
483 4.06000e-04
2209 9.60000e-05
570 3.66000e-04
2416 7.60000e-05
1367 1.76000e-04
760 2.94000e-04
701 3.10000e-04
405 4.60000e-04
1664 1.46000e-04
1730 1.40000e-04
426 4.46000e-04
136 1.08400e-03
458 4.24000e-04
2110 1.02000e-04
2675 5.20000e-05
772 2.90000e-04
325 5.32000e-04
352 5.08000e-04
1339 1.82000e-04
520 3.90000e-04
611 3.46000e-04
1522 1.58000e-04
187 8.36000e-04
1412 1.70000e-04
1873 1.22000e-04
1118 2.12000e-04
554 3.72000e-04
1970 1.12000e-04
850 2.70000e-04
2393 8.00000e-05
338 5.20000e-04
1826 1.28000e-04
1856 1.24000e-04
1078 2.20000e-04
1089 2.18000e-04
124 1.14400e-03
1031 2.30000e-04
87 1.49400e-03
523 3.88000e-04
1079 2.20000e-04
973 2.44000e-04
2728 4.80000e-05
2042 1.06000e-04
571 3.66000e-04
387 4.78000e-04
181 8.48000e-04
188 8.32000e-04
215 7.44000e-04
472 4.14000e-04
503 3.98000e-04
29 2.92000e-03
543 3.78000e-04
44 2.19400e-03
30 2.86000e-03
185 8.44000e-04
118 1.22400e-03
962 2.46000e-04
51 2.03600e-03
682 3.18000e-04
105 1.30000e-03
1090 2.18000e-04
355 5.06000e-04
59 1.82800e-03
1008 2.36000e-04
89 1.44000e-03
85 1.50200e-03
1646 1.48000e-04
88 1.44400e-03
121 1.19800e-03
307 5.50000e-04
1368 1.76000e-04
193 8.16000e-04
410 4.56000e-04
376 4.86000e-04
129 1.11000e-03
128 1.11600e-03
473 4.14000e-04
65 1.74000e-03
101 1.32200e-03
1040 2.28000e-04
152 9.92000e-04
549 3.76000e-04
1207 2.00000e-04
318 5.38000e-04
1893 1.20000e-04
1080 2.20000e-04
281 5.84000e-04
974 2.44000e-04
612 3.46000e-04
2417 7.60000e-05
217 7.38000e-04
83 1.51200e-03
53 1.99200e-03
2556 6.00000e-05
381 4.82000e-04
1279 1.92000e-04
179 8.54000e-04
1413 1.70000e-04
164 9.22000e-04
161 9.30000e-04
82 1.52000e-03
1433 1.68000e-04
946 2.50000e-04
377 4.84000e-04
46 2.17000e-03
231 6.80000e-04
504 3.98000e-04
78 1.62000e-03
532 3.84000e-04
150 1.00000e-03
90 1.43800e-03
127 1.13200e-03
216 7.44000e-04
692 3.14000e-04
340 5.18000e-04
613 3.46000e-04
98 1.34600e-03
314 5.44000e-04
268 5.98000e-04
301 5.56000e-04
2622 5.60000e-05
1570 1.54000e-04
1304 1.88000e-04
833 2.74000e-04
715 3.04000e-04
356 5.04000e-04
1032 2.30000e-04
1119 2.12000e-04
97 1.35600e-03
147 1.03400e-03
102 1.32000e-03
2676 5.20000e-05
195 8.12000e-04
335 5.22000e-04
180 8.54000e-04
308 5.50000e-04
96 1.37600e-03
2394 8.00000e-05
2752 4.60000e-05
2320 8.80000e-05
1971 1.12000e-04
917 2.56000e-04
2753 4.60000e-05
1318 1.86000e-04
587 3.56000e-04
2677 5.20000e-05
2590 5.80000e-05
1665 1.46000e-04
1171 2.04000e-04
1731 1.40000e-04
2487 6.60000e-05
2426 7.40000e-05
1434 1.68000e-04
588 3.56000e-04
628 3.40000e-04
1523 1.58000e-04
1033 2.30000e-04
1350 1.80000e-04
2754 4.60000e-05
1329 1.84000e-04
2591 5.80000e-05
2833 3.40000e-05
1226 1.98000e-04
1414 1.70000e-04
2843 3.00000e-05
1925 1.16000e-04
2177 9.80000e-05
858 2.68000e-04
1330 1.84000e-04
889 2.60000e-04
1827 1.28000e-04
1592 1.52000e-04
926 2.54000e-04
2457 7.00000e-05
2471 6.80000e-05
1874 1.22000e-04
1319 1.86000e-04
2458 7.00000e-05
1070 2.22000e-04
2441 7.20000e-05
2427 7.40000e-05
1800 1.32000e-04
2834 3.40000e-05
2729 4.80000e-05
2707 5.00000e-05
2111 1.02000e-04
2014 1.08000e-04
2139 1.00000e-04
1227 1.98000e-04
1340 1.82000e-04
1857 1.24000e-04
996 2.38000e-04
566 3.68000e-04
1620 1.50000e-04
870 2.64000e-04
1415 1.70000e-04
600 3.50000e-04
2708 5.00000e-05
2210 9.60000e-05
1621 1.50000e-04
851 2.70000e-04
1305 1.88000e-04
1666 1.46000e-04
1208 2.00000e-04
1777 1.34000e-04
1801 1.32000e-04
1120 2.12000e-04
401 4.64000e-04
521 3.90000e-04
1381 1.74000e-04
2140 1.00000e-04
623 3.42000e-04
505 3.98000e-04
435 4.40000e-04
2515 6.40000e-05
1148 2.08000e-04
492 4.02000e-04
2346 8.60000e-05
1306 1.88000e-04
852 2.70000e-04
790 2.86000e-04
361 5.00000e-04
1593 1.52000e-04
716 3.04000e-04
1331 1.84000e-04
2557 6.00000e-05
2380 8.20000e-05
305 5.54000e-04
726 3.02000e-04
169 9.06000e-04
963 2.46000e-04
430 4.44000e-04
1712 1.42000e-04
233 6.76000e-04
859 2.68000e-04
2296 9.00000e-05
45 2.18000e-03
2592 5.80000e-05
172 8.92000e-04
1228 1.98000e-04
2271 9.20000e-05
980 2.42000e-04
439 4.38000e-04
555 3.72000e-04
441 4.36000e-04
213 7.48000e-04
1894 1.20000e-04
302 5.56000e-04
47 2.15200e-03
1497 1.60000e-04
141 1.05000e-03
1667 1.46000e-04
1498 1.60000e-04
1307 1.88000e-04
1098 2.16000e-04
1746 1.38000e-04
2428 7.40000e-05
1467 1.64000e-04
238 6.60000e-04
860 2.68000e-04
669 3.22000e-04
407 4.58000e-04
890 2.60000e-04
1468 1.64000e-04
752 2.96000e-04
270 5.96000e-04
821 2.78000e-04
717 3.04000e-04
2472 6.80000e-05
2623 5.60000e-05
1081 2.20000e-04
981 2.42000e-04
2367 8.40000e-05
1209 2.00000e-04
2178 9.80000e-05
1308 1.88000e-04
695 3.12000e-04
1483 1.62000e-04
2368 8.40000e-05
1341 1.82000e-04
177 8.66000e-04
182 8.48000e-04
592 3.54000e-04
866 2.66000e-04
1732 1.40000e-04
149 1.01800e-03
1162 2.06000e-04
2442 7.20000e-05
1435 1.68000e-04
553 3.74000e-04
178 8.56000e-04
111 1.24800e-03
1687 1.44000e-04
92 1.41000e-03
2418 7.60000e-05
827 2.76000e-04
1926 1.16000e-04
1436 1.68000e-04
303 5.56000e-04
232 6.80000e-04
1091 2.18000e-04
1972 1.12000e-04
650 3.30000e-04
2593 5.80000e-05
256 6.20000e-04
693 3.14000e-04
805 2.82000e-04
327 5.30000e-04
84 1.51000e-03
871 2.64000e-04
153 9.78000e-04
464 4.20000e-04
199 7.98000e-04
601 3.50000e-04
497 4.00000e-04
255 6.22000e-04
399 4.68000e-04
593 3.54000e-04
706 3.08000e-04
170 9.06000e-04
780 2.88000e-04
275 5.92000e-04
624 3.42000e-04
336 5.22000e-04
247 6.44000e-04
2488 6.60000e-05
119 1.21600e-03
207 7.84000e-04
1041 2.28000e-04
484 4.06000e-04
1332 1.84000e-04
417 4.50000e-04
343 5.16000e-04
602 3.50000e-04
556 3.72000e-04
1390 1.72000e-04
1358 1.78000e-04
1391 1.72000e-04
773 2.90000e-04
891 2.60000e-04
918 2.56000e-04
2179 9.80000e-05
982 2.42000e-04
1172 2.04000e-04
2069 1.04000e-04
2180 9.80000e-05
2516 6.40000e-05
1351 1.80000e-04
1099 2.16000e-04
2407 7.80000e-05
594 3.54000e-04
2015 1.08000e-04
2181 9.80000e-05
1106 2.14000e-04
814 2.80000e-04
2429 7.40000e-05
1024 2.32000e-04
1416 1.70000e-04
134 1.09600e-03
892 2.60000e-04
885 2.62000e-04
2395 8.00000e-05
1437 1.68000e-04
1524 1.58000e-04
2141 1.00000e-04
2043 1.06000e-04
1121 2.12000e-04
956 2.48000e-04
2182 9.80000e-05
736 3.00000e-04
515 3.92000e-04
524 3.88000e-04
1858 1.24000e-04
1417 1.70000e-04
1973 1.12000e-04
1895 1.20000e-04
1392 1.72000e-04
1092 2.18000e-04
746 2.98000e-04
2016 1.08000e-04
1369 1.76000e-04
1418 1.70000e-04
1912 1.18000e-04
1187 2.02000e-04
1747 1.38000e-04
1320 1.86000e-04
2709 5.00000e-05
442 4.36000e-04
2419 7.60000e-05
378 4.84000e-04
753 2.96000e-04
2710 5.00000e-05
754 2.96000e-04
927 2.54000e-04
183 8.48000e-04
1149 2.08000e-04
260 6.14000e-04
174 8.86000e-04
413 4.54000e-04
2624 5.60000e-05
289 5.70000e-04
828 2.76000e-04
2473 6.80000e-05
295 5.62000e-04
80 1.59400e-03
104 1.30600e-03
133 1.10000e-03
997 2.38000e-04
427 4.46000e-04
806 2.82000e-04
145 1.03600e-03
290 5.68000e-04
115 1.22800e-03
258 6.16000e-04
796 2.84000e-04
197 8.04000e-04
1393 1.72000e-04
292 5.66000e-04
1260 1.94000e-04
2594 5.80000e-05
175 8.80000e-04
261 6.12000e-04
353 5.08000e-04
156 9.68000e-04
287 5.72000e-04
263 6.02000e-04
28 3.15200e-03
34 2.63800e-03
936 2.52000e-04
1107 2.14000e-04
2678 5.20000e-05
2044 1.06000e-04
2730 4.80000e-05
2755 4.60000e-05
2625 5.60000e-05
1499 1.60000e-04
2297 9.00000e-05
2298 9.00000e-05
2045 1.06000e-04
2781 4.40000e-05
2595 5.80000e-05
2596 5.80000e-05
2142 1.00000e-04
1647 1.48000e-04
1245 1.96000e-04
2679 5.20000e-05
2731 4.80000e-05
2756 4.60000e-05
2626 5.60000e-05
1688 1.44000e-04
1438 1.68000e-04
2240 9.40000e-05
1370 1.76000e-04
2489 6.60000e-05
2321 8.80000e-05
2070 1.04000e-04
1052 2.26000e-04
245 6.46000e-04
138 1.07400e-03
86 1.50000e-03
240 6.56000e-04
63 1.74600e-03
73 1.64200e-03
16 4.03400e-03
39 2.47800e-03
306 5.54000e-04
236 6.68000e-04
1333 1.84000e-04
411 4.56000e-04
712 3.06000e-04
49 2.11000e-03
135 1.09600e-03
346 5.14000e-04
26 3.19800e-03
77 1.62400e-03
635 3.36000e-04
57 1.89400e-03
9 5.63000e-03
10 5.46200e-03
3 1.36460e-02
0 3.51880e-02
21 3.85000e-03
8 6.81200e-03
1875 1.22000e-04
1382 1.74000e-04
2143 1.00000e-04
1622 1.50000e-04
1876 1.22000e-04
1261 1.94000e-04
2211 9.60000e-05
1927 1.16000e-04
2347 8.60000e-05
1371 1.76000e-04
2757 4.60000e-05
727 3.02000e-04
2490 6.60000e-05
1484 1.62000e-04
2711 5.00000e-05
2782 4.40000e-05
2680 5.20000e-05
2212 9.60000e-05
2144 1.00000e-04
2071 1.04000e-04
2348 8.60000e-05
2558 6.00000e-05
2241 9.40000e-05
2072 1.04000e-04
1623 1.50000e-04
2648 5.40000e-05
2758 4.60000e-05
1713 1.42000e-04
1996 1.10000e-04
2491 6.60000e-05
1733 1.40000e-04
2017 1.08000e-04
2649 5.40000e-05
2430 7.40000e-05
683 3.18000e-04
2650 5.40000e-05
2213 9.60000e-05
1817 1.30000e-04
1139 2.10000e-04
1594 1.52000e-04
2559 6.00000e-05
2840 3.20000e-05
2492 6.60000e-05
2272 9.20000e-05
1262 1.94000e-04
1359 1.78000e-04
1843 1.26000e-04
2819 3.80000e-05
1877 1.22000e-04
1595 1.52000e-04
1689 1.44000e-04
2732 4.80000e-05
1690 1.44000e-04
1648 1.48000e-04
2183 9.80000e-05
2145 1.00000e-04
2544 6.20000e-05
2046 1.06000e-04
1280 1.92000e-04
2073 1.04000e-04
1974 1.12000e-04
1122 2.12000e-04
797 2.84000e-04
1878 1.22000e-04
853 2.70000e-04
480 4.08000e-04
451 4.28000e-04
1624 1.50000e-04
422 4.48000e-04
1071 2.22000e-04
296 5.62000e-04
1455 1.66000e-04
1548 1.56000e-04
2299 9.00000e-05
1108 2.14000e-04
443 4.36000e-04
1765 1.36000e-04
460 4.22000e-04
1997 1.10000e-04
947 2.50000e-04
1802 1.32000e-04
1526 1.58000e-04
2242 9.40000e-05
1500 1.60000e-04
1975 1.12000e-04
1625 1.50000e-04
125 1.14400e-03
1456 1.66000e-04
277 5.88000e-04
631 3.38000e-04
1469 1.64000e-04
2396 8.00000e-05
2459 7.00000e-05
176 8.72000e-04
341 5.18000e-04
937 2.52000e-04
1229 1.98000e-04
581 3.60000e-04
1766 1.36000e-04
74 1.64200e-03
636 3.36000e-04
154 9.78000e-04
2835 3.40000e-05
75 1.63600e-03
402 4.64000e-04
206 7.86000e-04
2517 6.40000e-05
834 2.74000e-04
625 3.42000e-04
728 3.02000e-04
2112 1.02000e-04
1109 2.14000e-04
1879 1.22000e-04
767 2.92000e-04
1828 1.28000e-04
2146 1.00000e-04
1360 1.78000e-04
234 6.76000e-04
670 3.22000e-04
1123 2.12000e-04
755 2.96000e-04
1596 1.52000e-04
872 2.64000e-04
344 5.16000e-04
557 3.72000e-04
1439 1.68000e-04
1124 2.12000e-04
1818 1.30000e-04
2214 9.60000e-05
1009 2.36000e-04
2560 6.00000e-05
2243 9.40000e-05
2561 6.00000e-05
964 2.46000e-04
1188 2.02000e-04
1372 1.76000e-04
998 2.38000e-04
487 4.04000e-04
528 3.86000e-04
2397 8.00000e-05
2460 7.00000e-05
737 3.00000e-04
1246 1.96000e-04
2808 4.00000e-05
1210 2.00000e-04
938 2.52000e-04
919 2.56000e-04
2215 9.60000e-05
1110 2.14000e-04
2244 9.40000e-05
2681 5.20000e-05
1626 1.50000e-04
1352 1.80000e-04
2113 1.02000e-04
2518 6.40000e-05
2245 9.40000e-05
1668 1.46000e-04
1928 1.16000e-04
999 2.38000e-04
2018 1.08000e-04
1247 1.96000e-04
2273 9.20000e-05
671 3.22000e-04
1248 1.96000e-04
1440 1.68000e-04
948 2.50000e-04
603 3.50000e-04
957 2.48000e-04
1976 1.12000e-04
436 4.40000e-04
2545 6.20000e-05
1501 1.60000e-04
2712 5.00000e-05
1020 2.34000e-04
1896 1.20000e-04
983 2.42000e-04
1125 2.12000e-04
444 4.36000e-04
949 2.50000e-04
939 2.52000e-04
677 3.20000e-04
1597 1.52000e-04
2300 9.00000e-05
2651 5.40000e-05
533 3.84000e-04
1734 1.40000e-04
893 2.60000e-04
2431 7.40000e-05
861 2.68000e-04
1829 1.28000e-04
1419 1.70000e-04
2432 7.40000e-05
2682 5.20000e-05
1042 2.28000e-04
761 2.94000e-04
2493 6.60000e-05
2274 9.20000e-05
2443 7.20000e-05
1859 1.24000e-04
1913 1.18000e-04
1803 1.32000e-04
1549 1.56000e-04
1527 1.58000e-04
2114 1.02000e-04
373 4.88000e-04
2652 5.40000e-05
2184 9.80000e-05
629 3.40000e-04
1093 2.18000e-04
408 4.58000e-04
1804 1.32000e-04
1598 1.52000e-04
1502 1.60000e-04
2494 6.60000e-05
1748 1.38000e-04
1034 2.30000e-04
1947 1.14000e-04
2825 3.60000e-05
2562 6.00000e-05
364 4.96000e-04
1948 1.14000e-04
1691 1.44000e-04
1550 1.56000e-04
1551 1.56000e-04
975 2.44000e-04
1140 2.10000e-04
2519 6.40000e-05
1353 1.80000e-04
1552 1.56000e-04
950 2.50000e-04
1571 1.54000e-04
558 3.72000e-04
902 2.58000e-04
1043 2.28000e-04
2074 1.04000e-04
862 2.68000e-04
525 3.88000e-04
248 6.38000e-04
1394 1.72000e-04
2322 8.80000e-05
1420 1.70000e-04
1263 1.94000e-04
2520 6.40000e-05
1572 1.54000e-04
461 4.22000e-04
1354 1.80000e-04
2759 4.60000e-05
1211 2.00000e-04
2799 4.20000e-05
1321 1.86000e-04
349 5.12000e-04
951 2.50000e-04
1749 1.38000e-04
1830 1.28000e-04
510 3.96000e-04
2019 1.08000e-04
1361 1.78000e-04
1309 1.88000e-04
984 2.42000e-04
1053 2.26000e-04
2075 1.04000e-04
382 4.82000e-04
2349 8.60000e-05
1485 1.62000e-04
2495 6.60000e-05
2301 9.00000e-05
2683 5.20000e-05
2115 1.02000e-04
1714 1.42000e-04
1163 2.06000e-04
2116 1.02000e-04
2653 5.40000e-05
1044 2.28000e-04
1831 1.28000e-04
1860 1.24000e-04
1528 1.58000e-04
595 3.52000e-04
707 3.08000e-04
1355 1.80000e-04
729 3.02000e-04
1054 2.26000e-04
1778 1.34000e-04
2783 4.40000e-05
1281 1.92000e-04
2496 6.60000e-05
1779 1.34000e-04
2654 5.40000e-05
1395 1.72000e-04
1669 1.46000e-04
2117 1.02000e-04
278 5.88000e-04
2118 1.02000e-04
2597 5.80000e-05
1805 1.32000e-04
1949 1.14000e-04
2784 4.40000e-05
1627 1.50000e-04
1897 1.20000e-04
1441 1.68000e-04
2521 6.40000e-05
2800 4.20000e-05
2076 1.04000e-04
1929 1.16000e-04
323 5.34000e-04
2497 6.60000e-05
253 6.26000e-04
1880 1.22000e-04
747 2.98000e-04
2760 4.60000e-05
1930 1.16000e-04
431 4.44000e-04
835 2.74000e-04
1599 1.52000e-04
903 2.58000e-04
1998 1.10000e-04
1628 1.50000e-04
1082 2.20000e-04
1310 1.88000e-04
2302 9.00000e-05
990 2.40000e-04
822 2.78000e-04
2598 5.80000e-05
1173 2.04000e-04
708 3.08000e-04
1950 1.14000e-04
2077 1.04000e-04
2408 7.80000e-05
952 2.50000e-04
1174 2.04000e-04
1189 2.02000e-04
2420 7.60000e-05
1010 2.36000e-04
1322 1.86000e-04
928 2.54000e-04
2522 6.40000e-05
1735 1.40000e-04
2761 4.60000e-05
2627 5.60000e-05
1832 1.28000e-04
1881 1.22000e-04
1715 1.42000e-04
2185 9.80000e-05
1529 1.58000e-04
2186 9.80000e-05
2523 6.40000e-05
1600 1.52000e-04
1230 1.98000e-04
1844 1.26000e-04
2524 6.40000e-05
2187 9.80000e-05
465 4.20000e-04
873 2.64000e-04
506 3.98000e-04
205 7.90000e-04
1716 1.42000e-04
678 3.20000e-04
396 4.72000e-04
1882 1.22000e-04
189 8.30000e-04
214 7.46000e-04
244 6.48000e-04
1601 1.52000e-04
507 3.98000e-04
640 3.34000e-04
2444 7.20000e-05
1311 1.88000e-04
1951 1.14000e-04
559 3.72000e-04
653 3.28000e-04
1111 2.14000e-04
1025 2.32000e-04
1977 1.12000e-04
1190 2.02000e-04
1503 1.60000e-04
357 5.04000e-04
1126 2.12000e-04
958 2.48000e-04
1334 1.84000e-04
2147 1.00000e-04
1898 1.20000e-04
1150 2.08000e-04
1649 1.48000e-04
1650 1.48000e-04
1670 1.46000e-04
815 2.80000e-04
241 6.56000e-04
985 2.42000e-04
157 9.68000e-04
368 4.94000e-04
560 3.72000e-04
1373 1.76000e-04
2628 5.60000e-05
679 3.20000e-04
1383 1.74000e-04
514 3.94000e-04
2216 9.60000e-05
2445 7.20000e-05
1045 2.28000e-04
654 3.28000e-04
2820 3.80000e-05
1470 1.64000e-04
485 4.06000e-04
1845 1.26000e-04
293 5.64000e-04
1553 1.56000e-04
1806 1.32000e-04
1046 2.28000e-04
1780 1.34000e-04
1504 1.60000e-04
1692 1.44000e-04
1807 1.32000e-04
2188 9.80000e-05
1164 2.06000e-04
2713 5.00000e-05
2733 4.80000e-05
1629 1.50000e-04
1530 1.58000e-04
2446 7.20000e-05
1671 1.46000e-04
1531 1.58000e-04
1899 1.20000e-04
2801 4.20000e-05
1532 1.58000e-04
2599 5.80000e-05
466 4.20000e-04
807 2.82000e-04
1767 1.36000e-04
567 3.68000e-04
383 4.82000e-04
2461 7.00000e-05
1781 1.34000e-04
2189 9.80000e-05
1249 1.96000e-04
1693 1.44000e-04
2498 6.60000e-05
1191 2.02000e-04
2381 8.20000e-05
2047 1.06000e-04
2474 6.80000e-05
1630 1.50000e-04
2148 1.00000e-04
1808 1.32000e-04
561 3.72000e-04
894 2.60000e-04
418 4.50000e-04
403 4.64000e-04
895 2.60000e-04
522 3.90000e-04
1631 1.50000e-04
445 4.36000e-04
1861 1.24000e-04
337 5.22000e-04
1063 2.24000e-04
1396 1.72000e-04
1342 1.82000e-04
1931 1.16000e-04
1047 2.28000e-04
1978 1.12000e-04
965 2.46000e-04
1694 1.44000e-04
1442 1.68000e-04
1362 1.78000e-04
684 3.18000e-04
1717 1.42000e-04
959 2.48000e-04
1094 2.18000e-04
1457 1.66000e-04
1312 1.88000e-04
2836 3.40000e-05
2078 1.04000e-04
2785 4.40000e-05
1883 1.22000e-04
1471 1.64000e-04
330 5.28000e-04
1323 1.86000e-04
2020 1.08000e-04
1095 2.18000e-04
486 4.06000e-04
1900 1.20000e-04
322 5.36000e-04
1809 1.32000e-04
2079 1.04000e-04
1175 2.04000e-04
1932 1.16000e-04
2809 4.00000e-05
1011 2.36000e-04
2655 5.40000e-05
1384 1.74000e-04
1055 2.26000e-04
1397 1.72000e-04
1264 1.94000e-04
2802 4.20000e-05
672 3.22000e-04
641 3.34000e-04
709 3.08000e-04
2462 7.00000e-05
2303 9.00000e-05
1421 1.70000e-04
2734 4.80000e-05
1282 1.92000e-04
2021 1.08000e-04
2246 9.40000e-05
1833 1.28000e-04
2409 7.80000e-05
2563 6.00000e-05
2080 1.04000e-04
2081 1.04000e-04
1602 1.52000e-04
2369 8.40000e-05
2714 5.00000e-05
2629 5.60000e-05
1313 1.88000e-04
2564 6.00000e-05
2565 6.00000e-05
1651 1.48000e-04
2398 8.00000e-05
2525 6.40000e-05
2656 5.40000e-05
1750 1.38000e-04
2048 1.06000e-04
2217 9.60000e-05
605 3.48000e-04
896 2.60000e-04
2848 2.80000e-05
1127 2.12000e-04
2275 9.20000e-05
2433 7.40000e-05
2421 7.60000e-05
511 3.96000e-04
1283 1.92000e-04
1035 2.30000e-04
1265 1.94000e-04
2684 5.20000e-05
1768 1.36000e-04
596 3.52000e-04
1603 1.52000e-04
1933 1.16000e-04
2082 1.04000e-04
1314 1.88000e-04
2083 1.04000e-04
1695 1.44000e-04
1999 1.10000e-04
2190 9.80000e-05
1266 1.94000e-04
488 4.04000e-04
109 1.26200e-03
823 2.78000e-04
1533 1.58000e-04
369 4.94000e-04
299 5.60000e-04
904 2.58000e-04
966 2.46000e-04
1064 2.24000e-04
1192 2.02000e-04
419 4.50000e-04
738 3.00000e-04
333 5.26000e-04
432 4.44000e-04
550 3.76000e-04
226 7.02000e-04
791 2.86000e-04
416 4.52000e-04
347 5.14000e-04
920 2.56000e-04
467 4.20000e-04
606 3.48000e-04
372 4.90000e-04
576 3.62000e-04
229 6.90000e-04
201 7.96000e-04
1128 2.12000e-04
282 5.78000e-04
680 3.20000e-04
688 3.16000e-04
840 2.72000e-04
1193 2.02000e-04
2810 4.00000e-05
718 3.04000e-04
1672 1.46000e-04
1096 2.18000e-04
1505 1.60000e-04
929 2.54000e-04
1422 1.70000e-04
1819 1.30000e-04
2844 3.00000e-05
452 4.28000e-04
1398 1.72000e-04
886 2.62000e-04
1212 2.00000e-04
2434 7.40000e-05
1782 1.34000e-04
719 3.04000e-04
1934 1.16000e-04
1673 1.46000e-04
1952 1.14000e-04
529 3.86000e-04
2276 9.20000e-05
2049 1.06000e-04
1810 1.32000e-04
1129 2.12000e-04
798 2.84000e-04
572 3.66000e-04
2499 6.60000e-05
2630 5.60000e-05
1718 1.42000e-04
1834 1.28000e-04
774 2.90000e-04
311 5.48000e-04
1012 2.36000e-04
756 2.96000e-04
498 4.00000e-04
2526 6.40000e-05
597 3.52000e-04
1231 1.98000e-04
1632 1.50000e-04
1213 2.00000e-04
221 7.26000e-04
2527 6.40000e-05
489 4.04000e-04
2370 8.40000e-05
499 4.00000e-04
617 3.44000e-04
867 2.66000e-04
316 5.42000e-04
345 5.16000e-04
1130 2.12000e-04
1293 1.90000e-04
1072 2.22000e-04
824 2.78000e-04
2786 4.40000e-05
762 2.94000e-04
1953 1.14000e-04
730 3.02000e-04
2657 5.40000e-05
991 2.40000e-04
1100 2.16000e-04
992 2.40000e-04
1736 1.40000e-04
1284 1.92000e-04
2084 1.04000e-04
841 2.72000e-04
1820 1.30000e-04
2600 5.80000e-05
1935 1.16000e-04
2218 9.60000e-05
1285 1.92000e-04
1176 2.04000e-04
1652 1.48000e-04
2323 8.80000e-05
2475 6.80000e-05
2735 4.80000e-05
2447 7.20000e-05
1534 1.58000e-04
1177 2.04000e-04
2566 6.00000e-05
1696 1.44000e-04
2219 9.60000e-05
2085 1.04000e-04
757 2.96000e-04
905 2.58000e-04
1535 1.58000e-04
2324 8.80000e-05
1604 1.52000e-04
2715 5.00000e-05
1719 1.42000e-04
1141 2.10000e-04
2382 8.20000e-05
1506 1.60000e-04
1846 1.26000e-04
1486 1.62000e-04
2086 1.04000e-04
2022 1.08000e-04
906 2.58000e-04
1250 1.96000e-04
2546 6.20000e-05
1697 1.44000e-04
1056 2.26000e-04
2500 6.60000e-05
1633 1.50000e-04
1979 1.12000e-04
1194 2.02000e-04
2050 1.06000e-04
2304 9.00000e-05
1737 1.40000e-04
2685 5.20000e-05
1554 1.56000e-04
720 3.04000e-04
1356 1.80000e-04
2567 6.00000e-05
775 2.90000e-04
854 2.70000e-04
2371 8.40000e-05
1423 1.70000e-04
1399 1.72000e-04
1954 1.14000e-04
1980 1.12000e-04
1000 2.38000e-04
2762 4.60000e-05
1232 1.98000e-04
2023 1.08000e-04
1165 2.06000e-04
2350 8.60000e-05
1555 1.56000e-04
1536 1.58000e-04
2149 1.00000e-04
2849 2.60000e-05
1847 1.26000e-04
1233 1.98000e-04
2325 8.80000e-05
1848 1.26000e-04
1374 1.76000e-04
1537 1.58000e-04
2191 9.80000e-05
2277 9.20000e-05
2024 1.08000e-04
1324 1.86000e-04
1914 1.18000e-04
2087 1.04000e-04
1751 1.38000e-04
967 2.46000e-04
2247 9.40000e-05
907 2.58000e-04
2248 9.40000e-05
2736 4.80000e-05
855 2.70000e-04
2305 9.00000e-05
2119 1.02000e-04
2192 9.80000e-05
2150 1.00000e-04
2372 8.40000e-05
1195 2.02000e-04
2463 7.00000e-05
2051 1.06000e-04
1325 1.86000e-04
1981 1.12000e-04
1752 1.38000e-04
2306 9.00000e-05
1884 1.22000e-04
1251 1.96000e-04
1048 2.28000e-04
940 2.52000e-04
2737 4.80000e-05
921 2.56000e-04
2631 5.60000e-05
2826 3.60000e-05
1556 1.56000e-04
1363 1.78000e-04
2351 8.60000e-05
1538 1.58000e-04
2448 7.20000e-05
1507 1.60000e-04
2476 6.80000e-05
637 3.36000e-04
1605 1.52000e-04
2763 4.60000e-05
2307 9.00000e-05
2088 1.04000e-04
1472 1.64000e-04
2632 5.60000e-05
2025 1.08000e-04
1738 1.40000e-04
2738 4.80000e-05
1267 1.94000e-04
2686 5.20000e-05
1634 1.50000e-04
2026 1.08000e-04
2739 4.80000e-05
2764 4.60000e-05
2787 4.40000e-05
2220 9.60000e-05
2716 5.00000e-05
2308 9.00000e-05
2435 7.40000e-05
481 4.08000e-04
2845 3.00000e-05
2658 5.40000e-05
1557 1.56000e-04
1151 2.08000e-04
2399 8.00000e-05
2601 5.80000e-05
2633 5.60000e-05
1753 1.38000e-04
2221 9.60000e-05
2052 1.06000e-04
1653 1.48000e-04
1915 1.18000e-04
2352 8.60000e-05
758 2.96000e-04
2027 1.08000e-04
1754 1.38000e-04
1849 1.26000e-04
2501 6.60000e-05
2028 1.08000e-04
1862 1.24000e-04
1885 1.22000e-04
1982 1.12000e-04
1573 1.54000e-04
2222 9.60000e-05
1558 1.56000e-04
2383 8.20000e-05
2464 7.00000e-05
1234 1.98000e-04
2309 9.00000e-05
2193 9.80000e-05
1606 1.52000e-04
2465 7.00000e-05
1364 1.78000e-04
1268 1.94000e-04
2120 1.02000e-04
2326 8.80000e-05
799 2.84000e-04
1739 1.40000e-04
2502 6.60000e-05
148 1.02200e-03
397 4.70000e-04
1936 1.16000e-04
1559 1.56000e-04
409 4.58000e-04
477 4.12000e-04
297 5.62000e-04
976 2.44000e-04
2811 4.00000e-05
2327 8.80000e-05
1131 2.12000e-04
874 2.64000e-04
2449 7.20000e-05
1375 1.76000e-04
2765 4.60000e-05
2687 5.20000e-05
2353 8.60000e-05
2436 7.40000e-05
1443 1.68000e-04
2000 1.10000e-04
1937 1.16000e-04
2846 3.00000e-05
1720 1.42000e-04
1901 1.20000e-04
2717 5.00000e-05
1769 1.36000e-04
1938 1.16000e-04
2812 4.00000e-05
1508 1.60000e-04
1698 1.44000e-04
2194 9.80000e-05
2121 1.02000e-04
1955 1.14000e-04
2788 4.40000e-05
2151 1.00000e-04
2089 1.04000e-04
875 2.64000e-04
1886 1.22000e-04
2122 1.02000e-04
2766 4.60000e-05
1152 2.08000e-04
2123 1.02000e-04
2124 1.02000e-04
1674 1.46000e-04
2688 5.20000e-05
1635 1.50000e-04
1835 1.28000e-04
1083 2.20000e-04
1956 1.14000e-04
1811 1.32000e-04
2090 1.04000e-04
2803 4.20000e-05
2634 5.60000e-05
2547 6.20000e-05
816 2.80000e-04
2053 1.06000e-04
1132 2.12000e-04
2125 1.02000e-04
562 3.72000e-04
1863 1.24000e-04
1560 1.56000e-04
1294 1.90000e-04
614 3.46000e-04
1654 1.48000e-04
526 3.88000e-04
210 7.68000e-04
516 3.92000e-04
1235 1.98000e-04
1770 1.36000e-04
1836 1.28000e-04
2152 1.00000e-04
2328 8.80000e-05
2528 6.40000e-05
1916 1.18000e-04
264 6.02000e-04
842 2.72000e-04
1636 1.50000e-04
420 4.50000e-04
2466 7.00000e-05
1315 1.88000e-04
568 3.68000e-04
968 2.46000e-04
632 3.38000e-04
1269 1.94000e-04
2249 9.40000e-05
2195 9.80000e-05
2091 1.04000e-04
2789 4.40000e-05
2767 4.60000e-05
2529 6.40000e-05
2689 5.20000e-05
1699 1.44000e-04
1214 2.00000e-04
781 2.88000e-04
607 3.48000e-04
1376 1.76000e-04
1574 1.54000e-04
1101 2.16000e-04
288 5.72000e-04
107 1.28800e-03
271 5.94000e-04
1270 1.94000e-04
94 1.38000e-03
64 1.74400e-03
14 4.33600e-03
70 1.67800e-03
168 9.10000e-04
37 2.53400e-03
116 1.22600e-03
68 1.71200e-03
112 1.23800e-03
249 6.32000e-04
110 1.25400e-03
2768 4.60000e-05
120 1.20200e-03
2153 1.00000e-04
1783 1.34000e-04
2250 9.40000e-05
1215 2.00000e-04
2477 6.80000e-05
2813 4.00000e-05
1295 1.90000e-04
2092 1.04000e-04
1575 1.54000e-04
2690 5.20000e-05
1576 1.54000e-04
2223 9.60000e-05
2251 9.40000e-05
2126 1.02000e-04
2329 8.80000e-05
1887 1.22000e-04
2154 1.00000e-04
2252 9.40000e-05
2054 1.06000e-04
2769 4.60000e-05
2740 4.80000e-05
2602 5.80000e-05
2718 5.00000e-05
1153 2.08000e-04
2310 9.00000e-05
2055 1.06000e-04
2155 1.00000e-04
2741 4.80000e-05
2253 9.40000e-05
2354 8.60000e-05
1473 1.64000e-04
2001 1.10000e-04
2400 8.00000e-05
2530 6.40000e-05
2254 9.40000e-05
2770 4.60000e-05
2196 9.80000e-05
2224 9.60000e-05
1509 1.60000e-04
2659 5.40000e-05
2255 9.40000e-05
2355 8.60000e-05
2531 6.40000e-05
2691 5.20000e-05
1487 1.62000e-04
2156 1.00000e-04
2837 3.40000e-05
1444 1.68000e-04
2330 8.80000e-05
2568 6.00000e-05
2356 8.60000e-05
2532 6.40000e-05
768 2.92000e-04
1675 1.46000e-04
1655 1.48000e-04
2660 5.40000e-05
1445 1.68000e-04
2548 6.20000e-05
1458 1.66000e-04
2549 6.20000e-05
1755 1.38000e-04
1577 1.54000e-04
2002 1.10000e-04
319 5.38000e-04
2635 5.60000e-05
1296 1.90000e-04
930 2.54000e-04
2503 6.60000e-05
638 3.36000e-04
2569 6.00000e-05
544 3.78000e-04
2533 6.40000e-05
398 4.70000e-04
1821 1.30000e-04
1957 1.14000e-04
1236 1.98000e-04
782 2.88000e-04
2790 4.40000e-05
1102 2.16000e-04
1637 1.50000e-04
1446 1.68000e-04
1073 2.22000e-04
2256 9.40000e-05
2056 1.06000e-04
2742 4.80000e-05
1607 1.52000e-04
2603 5.80000e-05
825 2.78000e-04
598 3.52000e-04
1700 1.44000e-04
577 3.62000e-04
1196 2.02000e-04
2257 9.40000e-05
1286 1.92000e-04
1400 1.72000e-04
2771 4.60000e-05
1343 1.82000e-04
1036 2.30000e-04
1001 2.38000e-04
1510 1.60000e-04
1013 2.36000e-04
1447 1.68000e-04
2422 7.60000e-05
2467 7.00000e-05
534 3.84000e-04
459 4.24000e-04
1561 1.56000e-04
300 5.58000e-04
265 6.02000e-04
132 1.10200e-03
1424 1.70000e-04
1344 1.82000e-04
374 4.88000e-04
1812 1.32000e-04
2373 8.40000e-05
2197 9.80000e-05
1197 2.02000e-04
1326 1.86000e-04
1448 1.68000e-04
2198 9.80000e-05
681 3.20000e-04
1345 1.82000e-04
388 4.78000e-04
783 2.88000e-04
1142 2.10000e-04
2478 6.80000e-05
710 3.08000e-04
2278 9.20000e-05
2225 9.60000e-05
1578 1.54000e-04
2570 6.00000e-05
776 2.90000e-04
1377 1.76000e-04
423 4.48000e-04
689 3.16000e-04
2384 8.20000e-05
2772 4.60000e-05
876 2.64000e-04
384 4.82000e-04
2357 8.60000e-05
2057 1.06000e-04
1958 1.14000e-04
1002 2.38000e-04
836 2.74000e-04
266 6.00000e-04
363 4.98000e-04
184 8.46000e-04
2437 7.40000e-05
908 2.58000e-04
2331 8.80000e-05
863 2.68000e-04
1237 1.98000e-04
394 4.74000e-04
696 3.12000e-04
877 2.64000e-04
769 2.92000e-04
673 3.22000e-04
618 3.44000e-04
1003 2.38000e-04
2058 1.06000e-04
2279 9.20000e-05
1014 2.36000e-04
1178 2.04000e-04
573 3.66000e-04
1133 2.12000e-04
651 3.30000e-04
1822 1.30000e-04
878 2.64000e-04
2450 7.20000e-05
2571 6.00000e-05
1238 1.98000e-04
1902 1.20000e-04
2468 7.00000e-05
843 2.72000e-04
453 4.28000e-04
1385 1.74000e-04
312 5.46000e-04
922 2.56000e-04
1608 1.52000e-04
702 3.10000e-04
1784 1.34000e-04
1983 1.12000e-04
1579 1.54000e-04
993 2.40000e-04
2410 7.80000e-05
1287 1.92000e-04
2773 4.60000e-05
1004 2.38000e-04
2743 4.80000e-05
2093 1.04000e-04
1721 1.42000e-04
1740 1.40000e-04
1888 1.22000e-04
2258 9.40000e-05
1656 1.48000e-04
1488 1.62000e-04
2814 4.00000e-05
362 5.00000e-04
1198 2.02000e-04
986 2.42000e-04
856 2.70000e-04
1539 1.58000e-04
162 9.28000e-04
389 4.76000e-04
237 6.68000e-04
1199 2.02000e-04
2157 1.00000e-04
1459 1.66000e-04
1889 1.22000e-04
665 3.24000e-04
1386 1.74000e-04
508 3.98000e-04
887 2.62000e-04
2411 7.80000e-05
375 4.88000e-04
1057 2.26000e-04
545 3.78000e-04
739 3.00000e-04
166 9.18000e-04
500 4.00000e-04
582 3.60000e-04
1401 1.72000e-04
365 4.96000e-04
211 7.54000e-04
1103 2.16000e-04
493 4.02000e-04
808 2.82000e-04
227 6.94000e-04
2550 6.20000e-05
829 2.76000e-04
599 3.52000e-04
449 4.30000e-04
390 4.76000e-04
2451 7.20000e-05
1143 2.10000e-04
151 1.00000e-03
535 3.84000e-04
315 5.44000e-04
1297 1.90000e-04
703 3.10000e-04
200 7.98000e-04
1112 2.14000e-04
578 3.62000e-04
1037 2.30000e-04
2719 5.00000e-05
1701 1.44000e-04
2572 6.00000e-05
800 2.84000e-04
2821 3.80000e-05
1460 1.66000e-04
358 5.04000e-04
1813 1.32000e-04
784 2.88000e-04
1850 1.26000e-04
1609 1.52000e-04
2791 4.40000e-05
1580 1.54000e-04
1741 1.40000e-04
2401 8.00000e-05
1939 1.16000e-04
1015 2.36000e-04
1058 2.26000e-04
1864 1.24000e-04
704 3.10000e-04
434 4.42000e-04
2792 4.40000e-05
2636 5.60000e-05
1016 2.36000e-04
2841 3.20000e-05
1489 1.62000e-04
2850 2.40000e-05
589 3.56000e-04
2692 5.20000e-05
478 4.12000e-04
1837 1.28000e-04
285 5.74000e-04
470 4.18000e-04
1903 1.20000e-04
731 3.02000e-04
2158 1.00000e-04
1084 2.20000e-04
666 3.24000e-04
1851 1.26000e-04
770 2.92000e-04
2003 1.10000e-04
1702 1.44000e-04
1838 1.28000e-04
2504 6.60000e-05
2199 9.80000e-05
2311 9.00000e-05
1742 1.40000e-04
1703 1.44000e-04
1814 1.32000e-04
1984 1.12000e-04
1839 1.28000e-04
2720 5.00000e-05
1402 1.72000e-04
844 2.72000e-04
879 2.64000e-04
1562 1.56000e-04
424 4.48000e-04
801 2.84000e-04
1940 1.16000e-04
837 2.74000e-04
2534 6.40000e-05
1852 1.26000e-04
414 4.54000e-04
474 4.14000e-04
1985 1.12000e-04
428 4.46000e-04
2127 1.02000e-04
2159 1.00000e-04
941 2.52000e-04
1743 1.40000e-04
379 4.84000e-04
1581 1.54000e-04
2004 1.10000e-04
660 3.26000e-04
1134 2.12000e-04
655 3.28000e-04
1865 1.24000e-04
826 2.78000e-04
1756 1.38000e-04
1154 2.08000e-04
740 3.00000e-04
792 2.86000e-04
1378 1.76000e-04
656 3.28000e-04
802 2.84000e-04
1113 2.14000e-04
1335 1.84000e-04
2438 7.40000e-05
741 3.00000e-04
2479 6.80000e-05
391 4.76000e-04
721 3.04000e-04
140 1.06600e-03
897 2.60000e-04
1425 1.70000e-04
604 3.50000e-04
2815 4.00000e-05
1403 1.72000e-04
1785 1.34000e-04
468 4.20000e-04
2573 6.00000e-05
309 5.50000e-04
2128 1.02000e-04
1757 1.38000e-04
246 6.46000e-04
969 2.46000e-04
482 4.08000e-04
987 2.42000e-04
103 1.31200e-03
994 2.40000e-04
1722 1.42000e-04
748 2.98000e-04
1144 2.10000e-04
1723 1.42000e-04
2480 6.80000e-05
1346 1.82000e-04
1941 1.16000e-04
537 3.82000e-04
2005 1.10000e-04
2129 1.02000e-04
448 4.32000e-04
1179 2.04000e-04
988 2.42000e-04
2574 6.00000e-05
977 2.44000e-04
512 3.96000e-04
2827 3.60000e-05
978 2.44000e-04
272 5.94000e-04
1676 1.46000e-04
742 3.00000e-04
1959 1.14000e-04
1866 1.24000e-04
2130 1.02000e-04
1474 1.64000e-04
415 4.54000e-04
1638 1.50000e-04
1449 1.68000e-04
354 5.08000e-04
909 2.58000e-04
2661 5.40000e-05
785 2.88000e-04
608 3.48000e-04
809 2.82000e-04
868 2.66000e-04
880 2.64000e-04
2575 6.00000e-05
2774 4.60000e-05
1200 2.02000e-04
2838 3.40000e-05
1639 1.50000e-04
2029 1.08000e-04
2637 5.60000e-05
2358 8.60000e-05
1450 1.68000e-04
2131 1.02000e-04
2693 5.20000e-05
1021 2.34000e-04
2694 5.20000e-05
2662 5.40000e-05
1815 1.32000e-04
1511 1.60000e-04
2006 1.10000e-04
551 3.76000e-04
1097 2.18000e-04
1677 1.46000e-04
1678 1.46000e-04
1216 2.00000e-04
910 2.58000e-04
2695 5.20000e-05
2280 9.20000e-05
2469 7.00000e-05
1059 2.26000e-04
2423 7.60000e-05
1166 2.06000e-04
1038 2.30000e-04
2281 9.20000e-05
2226 9.60000e-05
1490 1.62000e-04
2816 4.00000e-05
2094 1.04000e-04
1491 1.62000e-04
1758 1.38000e-04
1904 1.20000e-04
1786 1.34000e-04
1540 1.58000e-04
2744 4.80000e-05
2481 6.80000e-05
1905 1.20000e-04
2535 6.40000e-05
2385 8.20000e-05
1155 2.08000e-04
763 2.94000e-04
1451 1.68000e-04
440 4.38000e-04
2638 5.60000e-05
2386 8.20000e-05
1201 2.02000e-04
645 3.32000e-04
2332 8.80000e-05
2576 6.00000e-05
2059 1.06000e-04
931 2.54000e-04
2007 1.10000e-04
1461 1.66000e-04
2333 8.80000e-05
2470 7.00000e-05
1787 1.34000e-04
911 2.58000e-04
1202 2.02000e-04
2160 1.00000e-04
2227 9.60000e-05
2132 1.02000e-04
2282 9.20000e-05
2095 1.04000e-04
2259 9.40000e-05
2161 1.00000e-04
2577 6.00000e-05
2008 1.10000e-04
2374 8.40000e-05
1492 1.62000e-04
2162 1.00000e-04
1679 1.46000e-04
1744 1.40000e-04
1060 2.26000e-04
1061 2.26000e-04
942 2.52000e-04
1582 1.54000e-04
1288 1.92000e-04
2696 5.20000e-05
2096 1.04000e-04
2200 9.80000e-05
1906 1.20000e-04
1840 1.28000e-04
1610 1.52000e-04
2097 1.04000e-04
2163 1.00000e-04
2312 9.00000e-05
1404 1.72000e-04
1867 1.24000e-04
1986 1.12000e-04
1868 1.24000e-04
639 3.34000e-04
2697 5.20000e-05
2604 5.80000e-05
1869 1.24000e-04
1960 1.14000e-04
1987 1.12000e-04
2359 8.60000e-05
1541 1.58000e-04
538 3.82000e-04
652 3.30000e-04
803 2.84000e-04
425 4.48000e-04
251 6.30000e-04
2663 5.40000e-05
421 4.50000e-04
697 3.12000e-04
93 1.38600e-03
117 1.22600e-03
1239 1.98000e-04
661 3.26000e-04
259 6.16000e-04
536 3.84000e-04
1387 1.74000e-04
446 4.36000e-04
574 3.66000e-04
165 9.22000e-04
326 5.32000e-04
139 1.07400e-03
713 3.06000e-04
304 5.56000e-04
66 1.73600e-03
527 3.88000e-04
190 8.28000e-04
339 5.20000e-04
845 2.72000e-04
1724 1.42000e-04
198 8.00000e-04
1542 1.58000e-04
113 1.23200e-03
71 1.65000e-03
24 3.57400e-03
1271 1.94000e-04
204 7.92000e-04
146 1.03600e-03
186 8.40000e-04
385 4.80000e-04
1336 1.84000e-04
155 9.70000e-04
331 5.28000e-04
122 1.19000e-03
360 5.02000e-04
970 2.46000e-04
167 9.12000e-04
114 1.23200e-03
18 3.96800e-03
31 2.82000e-03
218 7.36000e-04
810 2.82000e-04
450 4.30000e-04
35 2.62600e-03
11 5.40400e-03
1907 1.20000e-04
212 7.54000e-04
7 7.95400e-03
219 7.32000e-04
310 5.50000e-04
56 1.89600e-03
52 2.00000e-03
17 3.99400e-03
1005 2.38000e-04
539 3.82000e-04
563 3.72000e-04
546 3.78000e-04
20 3.88600e-03
2424 7.60000e-05
1217 2.00000e-04
239 6.60000e-04
313 5.46000e-04
224 7.14000e-04
160 9.40000e-04
320 5.38000e-04
698 3.12000e-04
13 4.51600e-03
27 3.19400e-03
15 4.32800e-03
202 7.94000e-04
324 5.34000e-04
12 4.90000e-03
1405 1.72000e-04
298 5.62000e-04
276 5.92000e-04
67 1.72000e-03
33 2.64800e-03
1657 1.48000e-04
1961 1.14000e-04
2817 4.00000e-05
2745 4.80000e-05
2030 1.08000e-04
1203 2.02000e-04
1563 1.56000e-04
1759 1.38000e-04
2098 1.04000e-04
1272 1.94000e-04
1298 1.90000e-04
1475 1.64000e-04
2698 5.20000e-05
2721 5.00000e-05
2260 9.40000e-05
2505 6.60000e-05
1788 1.34000e-04
2164 1.00000e-04
1988 1.12000e-04
1658 1.48000e-04
2283 9.20000e-05
2605 5.80000e-05
2060 1.06000e-04
2228 9.60000e-05
2793 4.40000e-05
2229 9.60000e-05
2506 6.60000e-05
1135 2.12000e-04
2031 1.08000e-04
590 3.56000e-04
1252 1.96000e-04
960 2.48000e-04
1452 1.68000e-04
2032 1.08000e-04
2360 8.60000e-05
1026 2.32000e-04
2578 6.00000e-05
2165 1.00000e-04
1890 1.22000e-04
2375 8.40000e-05
2230 9.60000e-05
1145 2.10000e-04
1337 1.84000e-04
1493 1.62000e-04
1564 1.56000e-04
2606 5.80000e-05
2166 1.00000e-04
2167 1.00000e-04
1771 1.36000e-04
1114 2.14000e-04
2804 4.20000e-05
2699 5.20000e-05
2284 9.20000e-05
1760 1.38000e-04
1962 1.14000e-04
932 2.54000e-04
1065 2.24000e-04
2201 9.80000e-05
699 3.12000e-04
1942 1.16000e-04
732 3.02000e-04
2168 1.00000e-04
2261 9.40000e-05
1680 1.46000e-04
1512 1.60000e-04
2262 9.40000e-05
2452 7.20000e-05
1049 2.28000e-04
2061 1.06000e-04
2099 1.04000e-04
2775 4.60000e-05
1789 1.34000e-04
1513 1.60000e-04
1963 1.14000e-04
971 2.46000e-04
1204 2.02000e-04
1772 1.36000e-04
2482 6.80000e-05
2361 8.60000e-05
2607 5.80000e-05
2387 8.20000e-05
2536 6.40000e-05
2579 6.00000e-05
2794 4.40000e-05
2334 8.80000e-05
2700 5.20000e-05
2009 1.10000e-04
2376 8.40000e-05
1462 1.66000e-04
2842 3.20000e-05
1426 1.70000e-04
2202 9.80000e-05
2313 9.00000e-05
2133 1.02000e-04
2639 5.60000e-05
2314 9.00000e-05
2701 5.20000e-05
2608 5.80000e-05
2263 9.40000e-05
2640 5.60000e-05
2134 1.02000e-04
2412 7.80000e-05
1146 2.10000e-04
1565 1.56000e-04
1050 2.28000e-04
888 2.62000e-04
2231 9.60000e-05
1917 1.18000e-04
2335 8.80000e-05
2609 5.80000e-05
2232 9.60000e-05
2664 5.40000e-05
2336 8.80000e-05
1964 1.14000e-04
2722 5.00000e-05
2746 4.80000e-05
2610 5.80000e-05
2315 9.00000e-05
2169 1.00000e-04
2551 6.20000e-05
2388 8.20000e-05
869 2.66000e-04
1681 1.46000e-04
2337 8.80000e-05
1918 1.18000e-04
979 2.44000e-04
2233 9.60000e-05
793 2.86000e-04
1406 1.72000e-04
2776 4.60000e-05
2747 4.80000e-05
2203 9.80000e-05
2033 1.08000e-04
1299 1.90000e-04
1180 2.04000e-04
1427 1.70000e-04
2483 6.80000e-05
1273 1.94000e-04
626 3.42000e-04
2828 3.60000e-05
1790 1.34000e-04
1640 1.50000e-04
584 3.58000e-04
1659 1.48000e-04
1167 2.06000e-04
475 4.14000e-04
1388 1.74000e-04
953 2.50000e-04
1965 1.14000e-04
328 5.30000e-04
130 1.10600e-03
342 5.18000e-04
1274 1.94000e-04
81 1.54400e-03
137 1.08000e-03
171 9.06000e-04
2641 5.60000e-05
462 4.22000e-04
454 4.28000e-04
1017 2.36000e-04
579 3.62000e-04
662 3.26000e-04
569 3.68000e-04
1611 1.52000e-04
2537 6.40000e-05
1136 2.12000e-04
1791 1.34000e-04
2507 6.60000e-05
1761 1.38000e-04
1612 1.52000e-04
1218 2.00000e-04
1792 1.34000e-04
1583 1.54000e-04
517 3.92000e-04
714 3.06000e-04
2010 1.10000e-04
1613 1.52000e-04
1614 1.52000e-04
1641 1.50000e-04
2723 5.00000e-05
2135 1.02000e-04
1660 1.48000e-04
1642 1.50000e-04
1181 2.04000e-04
1074 2.22000e-04
1543 1.58000e-04
1075 2.22000e-04
2829 3.60000e-05
1989 1.12000e-04
2170 1.00000e-04
2702 5.20000e-05
2285 9.20000e-05
1816 1.32000e-04
912 2.58000e-04
1379 1.76000e-04
1027 2.32000e-04
733 3.02000e-04
2100 1.04000e-04
2204 9.80000e-05
1615 1.52000e-04
1182 2.04000e-04
2777 4.60000e-05
380 4.84000e-04
455 4.28000e-04
2642 5.60000e-05
2643 5.60000e-05
674 3.22000e-04
786 2.88000e-04
2205 9.80000e-05
764 2.94000e-04
1137 2.12000e-04
1275 1.94000e-04
1240 1.98000e-04
898 2.60000e-04
2171 1.00000e-04
2644 5.60000e-05
2062 1.06000e-04
2778 4.60000e-05
2645 5.60000e-05
817 2.80000e-04
1919 1.18000e-04
749 2.98000e-04
2101 1.04000e-04
2389 8.20000e-05
1183 2.04000e-04
2665 5.40000e-05
2338 8.80000e-05
2034 1.08000e-04
1920 1.18000e-04
1921 1.18000e-04
1870 1.24000e-04
2552 6.20000e-05
2390 8.20000e-05
2538 6.40000e-05
2805 4.20000e-05
2206 9.80000e-05
1793 1.34000e-04
2580 6.00000e-05
2316 9.00000e-05
1908 1.20000e-04
2391 8.20000e-05
2581 6.00000e-05
2666 5.40000e-05
2806 4.20000e-05
2264 9.40000e-05
1407 1.72000e-04
2136 1.02000e-04
2847 3.00000e-05
1990 1.12000e-04
2779 4.60000e-05
2667 5.40000e-05
2286 9.20000e-05
2207 9.80000e-05
1682 1.46000e-04
2208 9.80000e-05
1566 1.56000e-04
2611 5.80000e-05
2839 3.40000e-05
2453 7.20000e-05
1966 1.14000e-04
2339 8.80000e-05
2234 9.60000e-05
1704 1.44000e-04
2582 6.00000e-05
2851 2.20000e-05
2612 5.80000e-05
2748 4.80000e-05
1514 1.60000e-04
2035 1.08000e-04
1276 1.94000e-04
2703 5.20000e-05
2287 9.20000e-05
943 2.52000e-04
1544 1.58000e-04
2102 1.04000e-04
2724 5.00000e-05
2780 4.60000e-05
1289 1.92000e-04
1104 2.16000e-04
2288 9.20000e-05
2103 1.04000e-04
2172 1.00000e-04
2235 9.60000e-05
2749 4.80000e-05
2613 5.80000e-05
1253 1.96000e-04
2289 9.20000e-05
2668 5.40000e-05
1773 1.36000e-04
2508 6.60000e-05
2137 1.02000e-04
2822 3.80000e-05
2669 5.40000e-05
2362 8.60000e-05
1219 2.00000e-04
722 3.04000e-04
711 3.08000e-04
2317 9.00000e-05
2104 1.04000e-04
2750 4.80000e-05
2290 9.20000e-05
787 2.88000e-04
1051 2.28000e-04
203 7.94000e-04
334 5.24000e-04
332 5.28000e-04
1494 1.62000e-04
2670 5.40000e-05
273 5.94000e-04
1616 1.52000e-04
1220 2.00000e-04
1241 1.98000e-04
1643 1.50000e-04
2377 8.40000e-05
2063 1.06000e-04
1463 1.66000e-04
1476 1.64000e-04
1909 1.20000e-04
2173 1.00000e-04
1705 1.44000e-04
2509 6.60000e-05
619 3.44000e-04
1147 2.10000e-04
2751 4.80000e-05
1584 1.54000e-04
2510 6.60000e-05
2583 6.00000e-05
1891 1.22000e-04
2291 9.20000e-05
1316 1.88000e-04
690 3.16000e-04
765 2.94000e-04
1428 1.70000e-04
881 2.64000e-04
675 3.22000e-04
646 3.32000e-04
1464 1.66000e-04
2236 9.60000e-05
954 2.50000e-04
1495 1.62000e-04
2392 8.20000e-05
2105 1.04000e-04
1841 1.28000e-04
923 2.56000e-04
1105 2.16000e-04
2725 5.00000e-05
2584 6.00000e-05
2807 4.20000e-05
1156 2.08000e-04
2174 1.00000e-04
2704 5.20000e-05
2265 9.40000e-05
1545 1.58000e-04
2340 8.80000e-05
1991 1.12000e-04
811 2.82000e-04
2011 1.10000e-04
2614 5.80000e-05
1774 1.36000e-04
2818 4.00000e-05
1585 1.54000e-04
2585 6.00000e-05
2511 6.60000e-05
794 2.86000e-04
1477 1.64000e-04
2615 5.80000e-05
1115 2.14000e-04
1586 1.54000e-04
2823 3.80000e-05
647 3.32000e-04
1327 1.86000e-04
2106 1.04000e-04
2363 8.60000e-05
1221 2.00000e-04
2539 6.40000e-05
540 3.82000e-04
1184 2.04000e-04
2512 6.60000e-05
1254 1.96000e-04
759 2.96000e-04
734 3.02000e-04
1242 1.98000e-04
1842 1.28000e-04
642 3.34000e-04
386 4.80000e-04
972 2.46000e-04
547 3.78000e-04
2292 9.20000e-05
1018 2.36000e-04
643 3.34000e-04
2402 8.00000e-05
2726 5.00000e-05
1243 1.98000e-04
961 2.48000e-04
406 4.60000e-04
2036 1.08000e-04
804 2.84000e-04
955 2.50000e-04
230 6.88000e-04
583 3.60000e-04
2671 5.40000e-05
944 2.52000e-04
609 3.48000e-04
846 2.72000e-04
404 4.64000e-04
50 2.09200e-03
22 3.68600e-03
777 2.90000e-04
163 9.24000e-04
700 3.12000e-04
1205 2.02000e-04
208 7.84000e-04
795 2.86000e-04
1255 1.96000e-04
433 4.44000e-04
58 1.87000e-03
847 2.72000e-04
95 1.38000e-03
400 4.66000e-04
284 5.76000e-04
2616 5.80000e-05
371 4.92000e-04
564 3.72000e-04
412 4.56000e-04
490 4.04000e-04
1085 2.20000e-04
585 3.58000e-04
223 7.16000e-04
591 3.56000e-04
456 4.28000e-04
913 2.58000e-04
252 6.30000e-04
54 1.99200e-03
2513 6.60000e-05
142 1.04600e-03
191 8.26000e-04
1683 1.46000e-04
60 1.82800e-03
106 1.29800e-03
79 1.62000e-03
38 2.52800e-03
61 1.75400e-03
350 5.12000e-04
1922 1.18000e-04
209 7.82000e-04
317 5.40000e-04
1525 1.58000e-04
2795 4.40000e-05
2237 9.60000e-05
2037 1.08000e-04
1684 1.46000e-04
2341 8.80000e-05
1168 2.06000e-04
1587 1.54000e-04
2586 6.00000e-05
2364 8.60000e-05
1546 1.58000e-04
2617 5.80000e-05
2796 4.40000e-05
2293 9.20000e-05
1706 1.44000e-04
2646 5.60000e-05
1222 2.00000e-04
1300 1.90000e-04
830 2.76000e-04
2266 9.40000e-05
447 4.34000e-04
2012 1.10000e-04
838 2.74000e-04
1157 2.08000e-04
2138 1.02000e-04
1515 1.60000e-04
494 4.02000e-04
788 2.88000e-04
1380 1.76000e-04
1943 1.16000e-04
1028 2.32000e-04
279 5.86000e-04
366 4.96000e-04
495 4.02000e-04
359 5.04000e-04
1301 1.90000e-04
2553 6.20000e-05
995 2.40000e-04
351 5.10000e-04
225 7.14000e-04
19 3.92200e-03
1317 1.88000e-04
262 6.06000e-04
131 1.10400e-03
76 1.62600e-03
41 2.34200e-03
548 3.78000e-04
518 3.92000e-04
23 3.65600e-03
5 8.91400e-03
55 1.92200e-03
4 1.18540e-02
6 8.14800e-03
2 1.77400e-02
1 2.85740e-02
1725 1.42000e-04
1685 1.46000e-04
1762 1.38000e-04
1453 1.68000e-04
1244 1.98000e-04
2318 9.00000e-05
1567 1.56000e-04
2294 9.20000e-05
882 2.64000e-04
1019 2.36000e-04
1944 1.16000e-04
1568 1.56000e-04
1086 2.20000e-04
864 2.68000e-04
2484 6.80000e-05
1338 1.84000e-04
1185 2.04000e-04
2267 9.40000e-05
1006 2.38000e-04
1945 1.16000e-04
2038 1.08000e-04
2238 9.60000e-05
1707 1.44000e-04
2365 8.60000e-05
1892 1.22000e-04
1347 1.82000e-04
1661 1.48000e-04
2239 9.60000e-05
1158 2.08000e-04
633 3.38000e-04
2403 8.00000e-05
242 6.54000e-04
1429 1.70000e-04
1029 2.32000e-04
766 2.94000e-04
1357 1.80000e-04
2672 5.40000e-05
1062 2.26000e-04
1853 1.26000e-04
496 4.02000e-04
750 2.98000e-04
471 4.18000e-04
329 5.30000e-04
2618 5.80000e-05
1763 1.38000e-04
1617 1.52000e-04
685 3.18000e-04
254 6.24000e-04
513 3.96000e-04
818 2.80000e-04
1516 1.60000e-04
143 1.04200e-03
945 2.52000e-04
694 3.14000e-04
914 2.58000e-04
1854 1.26000e-04
657 3.28000e-04
1992 1.12000e-04
1967 1.14000e-04
1087 2.20000e-04
1159 2.08000e-04
2107 1.04000e-04
2619 5.80000e-05
2064 1.06000e-04
1662 1.48000e-04
1588 1.54000e-04
1794 1.34000e-04
2587 6.00000e-05
1795 1.34000e-04
519 3.92000e-04
848 2.72000e-04
2108 1.04000e-04
1478 1.64000e-04
771 2.92000e-04
2830 3.60000e-05
2439 7.40000e-05
1022 2.34000e-04
1796 1.34000e-04
476 4.14000e-04
924 2.56000e-04
2295 9.20000e-05
541 3.80000e-04
663 3.26000e-04
857 2.70000e-04
2065 1.06000e-04
664 3.26000e-04
1726 1.42000e-04
1745 1.40000e-04
2620 5.80000e-05
1430 1.70000e-04
1517 1.60000e-04
849 2.72000e-04
2066 1.06000e-04
250 6.32000e-04
735 3.02000e-04
1518 1.60000e-04
1256 1.96000e-04
1993 1.12000e-04
2039 1.08000e-04
2797 4.40000e-05
644 3.34000e-04
1408 1.72000e-04
634 3.38000e-04
395 4.74000e-04
1409 1.72000e-04
99 1.34600e-03
1160 2.08000e-04
429 4.46000e-04
367 4.96000e-04
530 3.86000e-04
1454 1.68000e-04
2831 3.60000e-05
705 3.10000e-04
257 6.20000e-04
676 3.22000e-04
2673 5.40000e-05
228 6.94000e-04
1547 1.58000e-04
1023 2.34000e-04
565 3.72000e-04
1519 1.60000e-04
509 3.98000e-04
1923 1.18000e-04
2067 1.06000e-04
1039 2.30000e-04
1520 1.60000e-04
531 3.86000e-04
2824 3.80000e-05
463 4.22000e-04
831 2.76000e-04
1431 1.70000e-04
1365 1.78000e-04
2798 4.40000e-05
2705 5.20000e-05
743 3.00000e-04
2040 1.08000e-04
2378 8.40000e-05
1994 1.12000e-04
2727 5.00000e-05
2175 1.00000e-04
1302 1.90000e-04
1946 1.16000e-04
989 2.42000e-04
1871 1.24000e-04
915 2.58000e-04
789 2.88000e-04
723 3.04000e-04
883 2.64000e-04
1968 1.14000e-04
1496 1.62000e-04
667 3.24000e-04
1823 1.30000e-04
1348 1.82000e-04
2013 1.10000e-04
1764 1.38000e-04
899 2.60000e-04
900 2.60000e-04
501 4.00000e-04
658 3.28000e-04
819 2.80000e-04
1479 1.64000e-04
724 3.04000e-04
291 5.68000e-04
2342 8.80000e-05
1257 1.96000e-04
615 3.46000e-04
1389 1.74000e-04
1030 2.32000e-04
2674 5.40000e-05
1824 1.30000e-04
659 3.28000e-04
1708 1.44000e-04
491 4.04000e-04
1291 1.92000e-04
1465 1.66000e-04
2319 9.00000e-05
1290 1.92000e-04
1432 1.70000e-04
630 3.40000e-04
2647 5.60000e-05
820 2.80000e-04
457 4.26000e-04
1258 1.96000e-04
1007 2.38000e-04
884 2.64000e-04
2554 6.20000e-05
2343 8.80000e-05
1589 1.54000e-04
1066 2.24000e-04
1663 1.48000e-04
392 4.76000e-04
620 3.44000e-04
1709 1.44000e-04
2344 8.80000e-05
575 3.64000e-04
1775 1.36000e-04
916 2.58000e-04
1328 1.86000e-04
479 4.10000e-04
2268 9.40000e-05
2454 7.20000e-05
668 3.24000e-04
933 2.54000e-04
1480 1.64000e-04
283 5.78000e-04
725 3.04000e-04
2269 9.40000e-05
1481 1.64000e-04
1410 1.72000e-04
1088 2.20000e-04
1727 1.42000e-04
1710 1.44000e-04
1303 1.90000e-04
2413 7.80000e-05
621 3.44000e-04
1618 1.52000e-04
686 3.18000e-04
1590 1.54000e-04
2514 6.60000e-05
744 3.00000e-04
2588 6.00000e-05
2345 8.80000e-05
1067 2.24000e-04
1728 1.42000e-04
2414 7.80000e-05
1711 1.44000e-04
1797 1.34000e-04
1729 1.42000e-04
1482 1.64000e-04
269 5.98000e-04
1206 2.02000e-04
1798 1.34000e-04
2440 7.40000e-05
925 2.56000e-04
2366 8.60000e-05
1591 1.54000e-04
1292 1.92000e-04
2540 6.40000e-05
687 3.18000e-04
192 8.22000e-04
294 5.64000e-04
348 5.14000e-04
1161 2.08000e-04
812 2.82000e-04
580 3.62000e-04
469 4.20000e-04
934 2.54000e-04
2455 7.20000e-05
370 4.94000e-04
222 7.24000e-04
2425 7.60000e-05
173 8.92000e-04
2456 7.20000e-05
691 3.16000e-04
502 4.00000e-04
1521 1.60000e-04
2555 6.20000e-05
280 5.86000e-04
778 2.90000e-04
1223 2.00000e-04
622 3.44000e-04
2041 1.08000e-04
1799 1.34000e-04
286 5.74000e-04
274 5.94000e-04
2270 9.40000e-05
69 1.68200e-03
123 1.15600e-03
42 2.30800e-03
40 2.41600e-03
25 3.42000e-03
43 2.23400e-03
627 3.42000e-04
194 8.16000e-04
1569 1.56000e-04
648 3.32000e-04
610 3.48000e-04
62 1.75000e-03
159 9.44000e-04
437 4.40000e-04
196 8.10000e-04
2404 8.00000e-05
235 6.76000e-04
72 1.64400e-03
1277 1.94000e-04
158 9.52000e-04
36 2.54600e-03
220 7.28000e-04
100 1.34600e-03
144 1.04200e-03
32 2.77800e-03
2589 6.00000e-05
91 1.43200e-03
126 1.14000e-03
393 4.76000e-04
48 2.14600e-03
108 1.28400e-03
