structure	137_215	137_268	137_296	215_268	215_296	255_296	258_296	259_296	260_296	268_296
traj_pdb_0001.pdb 0	57.495556	69.267978	94.197503	57.995008	73.710710	42.022955	45.984095	48.412817	48.928766	54.267983
traj_pdb_0002.pdb 0	55.182276	65.886551	91.861251	57.179469	72.548789	37.769885	42.389588	43.962143	46.342186	54.317220
traj_pdb_0003.pdb 0	56.605240	57.640678	96.389484	53.944794	75.852843	39.247251	44.870893	45.459480	47.985267	55.715053
traj_pdb_0004.pdb 0	61.171574	58.804043	92.412900	49.066851	64.551004	30.749812	36.586288	34.760562	37.461469	50.226583
traj_pdb_0005.pdb 0	60.154799	58.965849	92.342563	46.568302	62.316042	35.620417	42.095977	38.258642	37.802793	51.718964
traj_pdb_0006.pdb 0	60.376749	56.647566	88.731164	53.074134	64.513353	34.741828	39.870414	35.694683	34.797928	51.218540
traj_pdb_0007.pdb 0	58.164630	52.737718	81.904640	51.276341	71.928448	33.830073	39.985280	36.329846	35.807813	50.343196
traj_pdb_0008.pdb 0	58.828606	46.879582	77.320013	47.765096	72.322881	31.934647	39.022498	37.735591	35.369663	48.591647
traj_pdb_0009.pdb 0	60.065921	45.239844	72.412892	41.440831	73.613500	29.710623	35.426495	34.215766	34.902161	47.773551
traj_pdb_0010.pdb 0	61.996142	42.417456	75.357796	51.694288	78.204364	32.468714	36.742896	37.124261	39.489759	48.360594
traj_pdb_0011.pdb 0	60.768273	43.414723	75.199090	51.705274	78.939177	29.051999	35.109723	36.638084	37.223535	50.331859
traj_pdb_0012.pdb 0	61.190129	42.617077	66.377782	48.768211	80.264699	28.084225	32.150107	34.544916	39.217220	51.190313
traj_pdb_0013.pdb 0	66.966127	43.664695	58.871778	54.547418	77.055344	26.184803	23.171224	25.366993	30.356552	42.715092
traj_pdb_0014.pdb 0	66.266835	43.835144	55.116388	59.765907	70.538248	29.264595	22.975393	26.259948	32.541044	29.609357
traj_pdb_0015.pdb 0	66.076347	44.195167	62.621701	50.649878	76.580379	32.328564	34.496657	35.945897	45.866439	46.733546
traj_pdb_0016.pdb 0	64.182791	44.429438	61.581700	59.742367	69.883208	28.056233	27.644290	27.379249	35.229630	39.342722
traj_pdb_0017.pdb 0	64.118351	46.772026	62.664368	62.508831	71.375760	23.977806	25.710169	27.622934	33.334887	41.824065
traj_pdb_0018.pdb 0	64.559431	45.647279	63.912059	57.694825	69.061960	29.088932	28.534611	30.665870	36.865406	42.349415
traj_pdb_0019.pdb 0	60.127661	45.193524	57.849914	62.168443	73.947946	25.405014	26.812246	30.906884	37.635781	41.467017
traj_pdb_0020.pdb 0	60.274521	48.946985	54.490290	58.131748	75.253066	29.377418	27.347653	31.502032	40.292651	36.323900
traj_pdb_0021.pdb 0	59.342099	47.161459	46.973140	60.805189	74.915805	29.786905	24.223492	29.363170	36.284801	31.270063
traj_pdb_0022.pdb 0	63.374520	50.209926	50.036519	56.524765	70.181359	31.559019	25.353496	31.219247	37.683626	28.812094
traj_pdb_0023.pdb 0	61.118897	50.858321	51.208922	57.219393	75.788052	30.481287	26.141897	30.556947	37.947106	33.970619
traj_pdb_0024.pdb 0	61.233193	48.032440	50.987856	57.867821	72.706082	32.081272	26.637459	30.989682	37.645178	29.836987
traj_pdb_0025.pdb 0	56.822023	49.866025	54.895187	61.445357	72.966571	27.605504	24.773786	28.596272	34.831550	29.569017
traj_pdb_0026.pdb 0	59.416438	47.995016	54.915665	62.717668	71.221115	34.386367	24.706725	28.265341	33.169195	24.652017
traj_pdb_0027.pdb 0	58.193932	49.564355	54.093379	61.811352	70.949318	36.209850	27.099349	31.265554	36.681997	27.139494
traj_pdb_0028.pdb 0	56.990008	52.950634	55.701587	63.642401	72.281145	34.324751	27.622613	33.138626	38.740488	25.260908
traj_pdb_0029.pdb 0	55.447453	50.562433	54.230851	59.571610	70.571997	35.665194	25.762759	30.467426	36.545177	26.178218
traj_pdb_0030.pdb 0	59.212731	48.802657	50.723767	60.918688	68.863376	35.628166	26.804558	31.241829	36.319518	23.882945
traj_pdb_0031.pdb 0	61.140698	52.789750	54.008059	62.041948	73.316418	34.242752	25.768165	29.870274	37.141348	27.589220
traj_pdb_0032.pdb 0	59.453822	50.470844	56.196483	64.022021	75.918968	30.261157	26.234962	30.331884	37.725940	28.679085
traj_pdb_0033.pdb 0	58.087073	49.140196	55.957298	62.463759	76.497413	29.248296	25.204483	30.650698	38.526555	31.954563
traj_pdb_0034.pdb 0	54.613593	49.818293	57.238201	66.770520	76.348084	27.194271	24.744708	28.045523	34.487057	26.784949
traj_pdb_0035.pdb 0	62.668150	51.357025	54.689039	68.523657	77.137560	32.836124	28.830171	32.552211	39.193564	24.193504
traj_pdb_0036.pdb 0	59.954828	52.867188	54.721426	65.662804	75.736880	34.014520	28.575424	30.432570	38.354516	25.705151
traj_pdb_0037.pdb 0	60.420452	52.246769	56.592476	68.580369	78.687048	32.223319	26.957352	31.369035	38.178199	25.542988
traj_pdb_0038.pdb 0	60.730725	56.251997	58.446425	68.384256	79.258994	36.737680	30.155922	34.709352	40.638171	26.046649
traj_pdb_0039.pdb 0	61.516796	58.069504	60.691867	66.528205	78.312368	30.835992	25.182307	29.521915	37.365359	27.759412
traj_pdb_0040.pdb 0	62.673652	58.512341	58.516432	65.612138	76.232132	33.618417	27.844691	32.166733	38.839574	24.979562
traj_pdb_0041.pdb 0	62.965647	50.558809	57.104674	65.793135	76.635858	32.552953	23.894970	28.861354	38.426142	27.672584
traj_pdb_0042.pdb 0	61.411626	48.553915	56.453466	63.746255	71.061615	27.014946	21.805952	26.499946	37.027699	28.297308
traj_pdb_0043.pdb 0	61.160987	44.498975	56.650721	61.413856	68.482110	24.830493	21.329886	25.115600	33.566628	28.176080
traj_pdb_0044.pdb 0	62.534687	48.541171	61.455993	60.348914	70.114444	26.347744	22.194971	25.039424	36.288397	29.283563
traj_pdb_0045.pdb 0	62.176650	46.918148	58.958844	62.065460	70.063219	27.213724	23.122180	27.008847	36.108845	28.820813
traj_pdb_0046.pdb 0	60.421873	41.868196	56.604209	57.199172	64.302061	28.225371	22.786146	26.702648	34.665832	30.792349
traj_pdb_0047.pdb 0	59.981977	42.627951	57.110413	53.919810	60.742914	25.372947	21.946475	25.377301	32.664394	31.865281
traj_pdb_0048.pdb 0	59.685056	40.454827	58.338799	59.106012	64.139489	22.971451	22.319960	24.986441	29.710832	30.590051
traj_pdb_0049.pdb 0	59.845970	38.702973	57.853757	53.543666	64.866246	26.330932	25.547745	31.060165	28.371370	36.668233
traj_pdb_0050.pdb 0	61.835833	41.498792	57.198930	56.416363	69.734496	27.450729	25.710600	31.853667	32.259673	33.650625
traj_pdb_0051.pdb 0	60.751108	43.101734	59.519263	56.307684	69.954762	22.997494	24.885895	29.763906	30.521460	34.134118
traj_pdb_0052.pdb 0	61.562808	41.259081	58.392490	55.088068	67.884746	22.912507	24.383335	28.613395	28.560486	34.535558
traj_pdb_0053.pdb 0	61.313570	45.430572	53.809382	51.111839	67.664974	22.000978	22.792213	26.732284	29.852277	33.215396
traj_pdb_0054.pdb 0	61.894658	46.384913	53.822497	52.485317	68.020824	26.311701	25.688619	24.330607	29.687543	31.148619
traj_pdb_0055.pdb 0	61.111064	50.148533	58.373279	54.499010	66.497688	23.881464	21.788531	24.600843	29.102790	30.665774
traj_pdb_0056.pdb 0	61.033998	44.631283	56.714046	47.629978	66.475071	21.960624	22.146858	24.679092	27.893243	35.236292
traj_pdb_0057.pdb 0	63.008753	46.307916	54.983875	48.298853	65.672933	24.807906	23.263544	22.010872	26.828229	30.592338
traj_pdb_0058.pdb 0	63.292960	46.839362	56.225616	49.313321	66.648007	25.117985	22.264469	22.422904	25.403866	33.519427
traj_pdb_0059.pdb 0	64.588510	41.440149	55.305291	49.051472	63.920809	23.309273	22.972057	22.290463	25.418957	33.030286
traj_pdb_0060.pdb 0	64.992312	41.603164	54.877626	52.097346	61.358059	23.917196	22.248882	20.896878	23.766347	30.619544
traj_pdb_0061.pdb 0	63.589294	44.398267	60.901395	56.434373	63.327394	22.762370	23.002008	22.695257	24.562542	33.951883
traj_pdb_0062.pdb 0	65.103224	45.239272	62.931242	52.931278	64.058786	21.208353	23.468784	25.437558	26.094761	38.381568
traj_pdb_0063.pdb 0	62.725976	45.288479	60.518044	55.523565	66.490189	21.237063	22.596710	24.500732	25.721483	32.586884
traj_pdb_0064.pdb 0	62.825564	45.840469	65.021806	45.540062	67.531854	25.932123	27.350001	33.150436	31.491357	44.308006
traj_pdb_0065.pdb 0	65.248417	44.908103	62.973076	42.616972	63.337691	28.675654	30.005645	36.313597	32.915958	42.664565
traj_pdb_0066.pdb 0	64.347930	43.198044	59.795280	49.116667	63.197822	26.618493	25.594435	31.230150	28.769824	35.956296
traj_pdb_0067.pdb 0	67.272897	43.991256	59.376853	50.815692	58.011638	24.785232	24.296367	28.841268	27.513084	36.884483
traj_pdb_0068.pdb 0	66.407715	47.092424	62.758872	52.300916	58.953729	25.531421	26.063718	29.291669	27.571201	37.062604
traj_pdb_0069.pdb 0	66.989145	45.237387	61.357688	47.644137	60.517476	23.520302	22.447215	27.158961	27.666997	37.236647
traj_pdb_0070.pdb 0	64.818220	45.742592	63.312163	40.956772	59.758917	32.369044	29.153828	33.964909	24.201064	36.498644
traj_pdb_0071.pdb 0	66.813435	43.443237	60.741128	43.083890	56.789141	28.678662	26.080979	31.000557	25.657254	35.565133
traj_pdb_0072.pdb 0	68.420359	44.934064	58.767259	48.068496	58.446696	28.935584	25.087548	29.837428	27.398127	33.279516
traj_pdb_0073.pdb 0	67.281112	43.845557	61.491382	48.162643	55.957069	28.874381	28.429885	32.104735	25.397767	35.089300
traj_pdb_0074.pdb 0	67.720879	44.795165	59.586904	47.892930	53.557053	29.577906	27.881150	31.557099	26.040272	33.780281
traj_pdb_0075.pdb 0	67.491431	43.422173	59.721751	41.031835	53.376261	29.835405	29.243494	33.690280	26.208866	34.802034
traj_pdb_0076.pdb 0	66.705112	45.996599	55.073764	36.057503	53.895803	27.390000	25.359109	32.104019	29.820381	33.141802
traj_pdb_0077.pdb 0	66.149984	45.085744	60.653948	36.809318	50.524526	30.248680	28.929661	33.532264	28.698543	35.210430
traj_pdb_0078.pdb 0	68.434745	45.765432	60.402667	38.185782	55.476977	27.128443	25.695796	31.888966	28.656120	36.754338
traj_pdb_0079.pdb 0	67.599236	45.936379	59.390165	39.534029	55.101699	27.511858	26.293767	32.186819	31.969686	34.184580
traj_pdb_0080.pdb 0	67.595096	46.844515	58.967805	39.657877	54.668523	29.614328	27.383175	33.198110	31.040323	32.836961
traj_pdb_0081.pdb 0	67.720090	46.768526	57.851292	41.149862	54.759953	28.002528	25.901006	30.337945	28.927609	31.392988
traj_pdb_0082.pdb 0	67.627886	46.600289	58.612430	38.786394	51.236800	32.075486	27.834157	33.988225	30.807733	33.508663
traj_pdb_0083.pdb 0	66.589712	43.852823	59.383075	42.262446	49.125721	30.226670	28.779456	34.135536	28.586315	33.612286
traj_pdb_0084.pdb 0	65.854533	40.578319	56.822491	39.922914	46.965073	29.960916	27.149292	32.952727	27.289664	35.442360
traj_pdb_0085.pdb 0	67.570975	43.397902	62.829205	44.193435	49.810603	32.163067	32.383242	35.165850	30.010333	36.690225
traj_pdb_0086.pdb 0	67.872852	41.305977	60.201020	44.276111	55.008236	30.255875	31.355551	35.119067	30.020846	37.386895
traj_pdb_0087.pdb 0	68.387774	42.637799	59.477660	46.416766	45.460383	29.083110	25.175711	30.655014	31.719665	35.891060
traj_pdb_0088.pdb 0	65.942057	45.809362	55.078329	42.264922	61.681776	30.586051	25.175433	28.920405	34.235693	36.029122
traj_pdb_0089.pdb 0	65.447299	42.375772	54.627261	46.563535	56.108851	28.326818	25.494701	34.057917	36.418778	34.880346
traj_pdb_0090.pdb 0	64.642278	42.621888	58.247340	48.095375	53.040933	31.342962	28.059260	36.705583	43.331281	37.723201
traj_pdb_0091.pdb 0	64.623168	46.449049	55.961029	45.098621	55.516042	29.361852	25.905855	34.269722	42.203938	35.367621
traj_pdb_0092.pdb 0	65.852768	47.999686	56.575791	46.805860	53.886275	35.921517	29.738819	35.026153	44.415529	30.965108
traj_pdb_0093.pdb 0	66.643879	45.892219	57.512830	47.786340	56.138504	32.434844	29.953599	32.631647	42.720383	31.870815
traj_pdb_0094.pdb 0	67.654223	46.594405	57.918913	47.156087	59.158874	30.266930	29.954807	33.528604	41.665324	31.937557
traj_pdb_0095.pdb 0	66.665432	43.425440	57.627432	50.554212	55.452938	31.111182	29.290338	35.946341	43.416566	28.925655
traj_pdb_0096.pdb 0	67.329501	40.534469	55.798760	48.325851	53.306550	28.934831	25.643332	32.399851	41.160373	28.448905
traj_pdb_0097.pdb 0	68.028724	41.226445	56.366161	46.371508	52.358936	24.857551	23.766753	25.754636	33.428023	28.412787
traj_pdb_0098.pdb 0	67.799654	42.618527	57.500150	50.663452	52.801337	25.233556	23.782598	26.304700	32.966309	28.548300
traj_pdb_0099.pdb 0	67.472672	46.310412	57.817791	51.478096	55.968487	27.269976	26.183402	27.992716	35.868815	27.406562
traj_pdb_0100.pdb 0	67.957894	47.142266	57.657476	49.113922	56.428309	26.791909	27.309692	26.893331	34.083943	27.493070
traj_pdb_0101.pdb 0	67.185124	42.697274	56.348946	43.262275	45.818574	26.062754	24.813678	26.216587	32.441393	29.571766
traj_pdb_0102.pdb 0	68.035406	44.849706	55.632173	41.541938	54.166888	26.530890	32.579173	25.842406	28.687005	29.545474
traj_pdb_0103.pdb 0	67.022063	44.921956	57.747955	46.210736	51.738289	26.175090	26.755004	25.347861	30.473191	26.363726
traj_pdb_0104.pdb 0	64.175836	42.846943	57.805750	46.345326	48.302526	26.691606	24.951951	29.093745	35.660795	28.048146
traj_pdb_0105.pdb 0	67.795544	44.986593	60.377510	45.945350	49.327406	30.538689	29.197985	32.217578	39.094900	31.009486
traj_pdb_0106.pdb 0	68.756761	42.373821	56.700594	45.338758	49.206913	23.974646	24.131909	25.636688	31.332686	27.985077
traj_pdb_0107.pdb 0	66.395000	44.274366	58.498103	41.922159	49.778994	23.518315	26.440678	26.098561	31.774951	30.256266
traj_pdb_0108.pdb 0	67.903102	45.112975	58.478958	44.235479	50.355270	23.712295	27.476362	26.367873	33.986860	30.491523
traj_pdb_0109.pdb 0	68.592719	44.204410	59.955841	46.199076	52.825072	24.399181	31.588750	26.161902	34.253857	30.884020
traj_pdb_0110.pdb 0	68.517239	45.430305	59.794384	43.641858	56.195515	23.313592	29.333577	26.058942	33.851967	31.004345
traj_pdb_0111.pdb 0	68.548364	45.598170	57.750981	44.761059	54.179326	24.004126	29.281044	26.987275	35.701411	29.875720
traj_pdb_0112.pdb 0	67.664194	45.804287	56.901596	45.364528	55.721948	26.798677	31.807215	29.023213	38.578054	31.126778
traj_pdb_0113.pdb 0	68.541585	45.535863	61.153292	44.208848	49.372547	23.170690	26.904689	27.640237	36.175951	33.207823
traj_pdb_0114.pdb 0	68.881143	44.263884	58.847318	45.385095	52.180212	22.728537	25.671503	28.130199	35.125960	31.397723
traj_pdb_0115.pdb 0	68.331916	45.241368	59.624156	46.310650	52.933196	22.442354	27.206155	27.603501	34.662280	31.955467
traj_pdb_0116.pdb 0	66.832527	43.176813	57.039079	44.755766	51.837148	24.730110	24.386064	30.245192	34.079792	32.725018
traj_pdb_0117.pdb 0	68.019431	44.904302	58.133269	43.651753	50.826809	22.246142	27.179801	26.136431	30.439588	32.782477
traj_pdb_0118.pdb 0	66.720449	46.443805	59.310359	46.556693	49.434495	21.697741	24.593326	26.398746	29.483597	30.613102
traj_pdb_0119.pdb 0	67.678121	44.944775	58.690909	46.920163	45.238725	21.803221	21.898870	25.584454	28.639902	30.015848
traj_pdb_0120.pdb 0	64.796653	44.848682	58.504836	47.439352	50.055745	21.465693	25.595040	25.292723	28.975853	31.574794
traj_pdb_0121.pdb 0	66.786816	45.578675	58.418925	46.126652	57.575751	25.059632	30.007119	30.710105	36.086077	34.676412
traj_pdb_0122.pdb 0	65.276647	45.239243	60.041126	49.231909	49.977259	24.003660	23.559711	32.363909	33.940190	36.251817
traj_pdb_0123.pdb 0	69.631092	45.134402	57.981745	46.154414	50.909830	26.200603	23.810583	32.137069	33.077368	34.614261
traj_pdb_0124.pdb 0	68.785361	42.860618	57.487542	44.412952	54.766240	23.478764	26.736438	28.973830	32.873400	33.986448
traj_pdb_0125.pdb 0	64.797266	44.327542	59.428481	43.927853	53.864217	24.405704	24.378906	30.287669	32.380088	35.283649
traj_pdb_0126.pdb 0	67.560441	44.571987	59.006979	45.872866	50.044268	24.059806	25.856326	30.257393	33.996940	35.498455
traj_pdb_0127.pdb 0	66.505421	46.635095	57.363405	46.347336	55.798194	25.039471	27.146761	29.462557	35.083818	31.658716
traj_pdb_0128.pdb 0	68.424450	45.683033	56.604390	43.836006	49.749163	24.080125	25.104002	29.810530	35.039459	33.131795
traj_pdb_0129.pdb 0	66.195747	46.858051	58.610284	42.389671	51.383364	22.675296	24.842906	26.609900	31.314090	33.304956
traj_pdb_0130.pdb 0	66.972099	45.161005	57.031500	44.214128	53.811099	23.255820	26.435941	28.178859	31.386111	31.980866
traj_pdb_0131.pdb 0	69.232839	43.883390	54.537833	41.388542	57.392946	24.563639	27.311336	30.035307	31.622874	33.774406
traj_pdb_0132.pdb 0	68.796529	44.036365	53.726931	44.112846	57.802232	24.706323	25.893657	29.070027	33.622013	30.597967
traj_pdb_0133.pdb 0	67.278653	45.669104	55.964091	44.319531	57.027019	27.511243	27.274146	34.603778	37.325911	33.325346
traj_pdb_0134.pdb 0	69.072506	45.346667	56.311526	42.972895	59.361705	27.918436	28.554503	35.392681	39.542785	36.954952
traj_pdb_0135.pdb 0	67.500189	44.982665	56.074244	45.738993	58.722530	29.481742	29.188977	35.019489	39.828331	36.074287
traj_pdb_0136.pdb 0	68.553680	45.255100	54.428815	43.246104	61.598294	30.691994	29.900645	36.019393	40.576154	40.325187
traj_pdb_0137.pdb 0	65.796748	44.448149	54.112241	44.771984	57.622957	29.491250	28.038263	36.428004	40.574085	40.613645
traj_pdb_0138.pdb 0	67.689302	44.925504	53.165748	42.686978	59.932330	28.625114	29.754196	32.078142	37.878111	37.397505
traj_pdb_0139.pdb 0	67.639141	44.243761	53.453203	45.106914	59.387732	29.237730	29.451381	33.257914	39.245312	36.541840
traj_pdb_0140.pdb 0	67.564347	44.298567	55.420035	45.013412	56.753563	27.406992	28.709704	32.557704	37.421291	37.693349
traj_pdb_0141.pdb 0	66.486010	45.899310	54.177962	44.165346	58.701873	27.773259	28.571912	30.063282	35.002094	34.251452
traj_pdb_0142.pdb 0	65.863019	45.286553	54.443864	45.572407	55.453811	25.284346	24.411051	28.473399	34.498818	32.557518
traj_pdb_0143.pdb 0	66.545741	44.480547	52.831491	42.785341	59.024322	26.280841	26.502202	30.836669	34.490457	36.809566
traj_pdb_0144.pdb 0	67.825774	43.762821	52.821865	42.932946	59.795779	26.512530	27.185224	30.513699	35.300740	36.345153
traj_pdb_0145.pdb 0	67.401947	43.638819	48.539459	42.601485	59.130197	27.532595	27.118570	29.821377	34.999270	33.771612
traj_pdb_0146.pdb 0	63.586555	44.536710	50.313923	45.142924	56.041631	25.633036	26.281498	30.082076	34.615810	33.719693
traj_pdb_0147.pdb 0	63.507733	44.090173	51.372117	45.149678	57.606229	25.863873	27.196134	31.628982	35.720751	34.874848
traj_pdb_0148.pdb 0	63.995154	43.874417	49.747456	45.084292	56.002952	24.896193	24.654349	28.892954	33.890573	33.561851
traj_pdb_0149.pdb 0	61.111365	44.239796	48.506098	45.214495	56.208413	26.986583	24.032898	33.204211	37.432789	39.410959
traj_pdb_0150.pdb 0	60.351436	44.185540	47.706371	43.236558	54.332421	26.493371	26.263596	31.866157	36.202583	38.053526
traj_pdb_0151.pdb 0	60.228871	44.191138	48.619683	43.639582	53.100673	25.281896	25.053031	31.197231	36.966118	36.995975
traj_pdb_0152.pdb 0	61.839146	45.706495	49.011977	45.187990	56.333860	26.552475	24.051453	32.248048	36.881589	35.166439
traj_pdb_0153.pdb 0	63.824739	44.826119	49.535224	45.383761	54.183756	24.390019	24.705527	29.219143	33.941854	33.991438
traj_pdb_0154.pdb 0	63.364297	44.366758	49.122141	44.964384	54.908253	26.597710	24.059917	31.808376	36.292733	35.763637
traj_pdb_0155.pdb 0	61.064225	44.578228	47.518339	44.711747	54.558786	25.891870	26.165751	29.336287	33.893197	33.025101
traj_pdb_0156.pdb 0	61.940799	46.879327	51.155520	43.018686	55.635042	26.670963	26.447063	30.766601	35.082493	38.167856
traj_pdb_0157.pdb 0	62.175402	45.990357	51.048227	41.052477	57.622728	26.692058	24.911376	31.576959	35.362227	38.178924
traj_pdb_0158.pdb 0	64.196018	44.905230	51.954452	42.779034	57.244153	27.239114	27.016023	30.683205	35.601497	35.207150
traj_pdb_0159.pdb 0	64.548177	43.997729	49.884789	42.336466	56.016586	26.981217	25.838301	30.046403	35.166988	35.032933
traj_pdb_0160.pdb 0	63.785383	44.426679	50.971866	42.579079	54.639513	24.910376	24.494381	28.649314	33.777924	35.592801
traj_pdb_0161.pdb 0	66.244280	45.127796	51.699381	42.833313	56.735219	26.654920	26.815031	29.255900	34.770312	34.899937
traj_pdb_0162.pdb 0	67.987350	44.928140	50.991312	41.884810	57.104922	25.566717	25.690303	30.944048	36.467394	38.619939
traj_pdb_0163.pdb 0	66.686789	44.625017	53.230075	42.863942	55.185296	26.631767	30.471756	26.626396	31.189587	33.782589
traj_pdb_0164.pdb 0	66.562482	46.667252	58.007769	39.935883	55.016990	24.172027	28.484185	25.002457	27.265207	38.150466
traj_pdb_0165.pdb 0	65.785913	46.918337	58.027917	40.787288	55.412581	25.234849	27.359515	24.315348	29.554801	36.768618
traj_pdb_0166.pdb 0	64.704691	47.060019	60.392815	40.938863	52.214451	23.011511	26.600185	24.258068	28.366097	37.985757
traj_pdb_0167.pdb 0	65.022773	47.529204	60.992160	41.764339	49.394929	20.938743	22.964733	24.781190	27.599423	39.413415
traj_pdb_0168.pdb 0	63.977813	46.219774	56.989322	43.062650	51.324258	21.523981	22.805093	24.623603	28.284753	37.946395
traj_pdb_0169.pdb 0	65.102793	45.558250	56.151316	42.065451	49.104416	21.066920	25.086194	23.364622	27.332860	41.231288
traj_pdb_0170.pdb 0	63.755283	46.032338	53.853397	41.304935	53.950514	23.047813	25.942773	25.513548	30.518111	38.347521
traj_pdb_0171.pdb 0	61.905183	46.541342	57.299212	41.643042	53.273708	22.242261	24.768706	25.621649	30.100519	39.910950
traj_pdb_0172.pdb 0	62.441461	47.593531	59.962086	41.094339	48.225285	21.283746	22.247103	25.568908	28.456432	42.173593
traj_pdb_0173.pdb 0	63.224276	49.552763	57.867629	41.377789	50.344355	21.908453	23.038780	25.788770	29.455716	42.154161
traj_pdb_0174.pdb 0	-nan	48.591953	57.945364	-nan	-nan	23.331953	23.220732	27.336990	31.695450	41.146025
traj_pdb_0175.pdb 0	64.318319	46.738327	59.340849	42.177918	48.783311	23.531036	23.629650	27.342249	30.761276	38.647079
traj_pdb_0176.pdb 0	66.921446	46.472397	56.629303	42.977672	54.200588	25.963734	27.688025	27.109260	33.284488	34.906424
traj_pdb_0177.pdb 0	67.140980	45.039665	56.689039	41.251236	53.846073	25.768347	28.571702	24.882093	30.054616	34.599421
traj_pdb_0178.pdb 0	67.080547	45.880094	57.443660	40.412568	50.208539	23.000118	24.017092	23.848614	27.546732	34.552642
traj_pdb_0179.pdb 0	67.881583	45.432205	54.220358	41.030365	57.484652	27.143378	29.941605	27.534370	32.432240	35.716409
traj_pdb_0180.pdb 0	68.446252	45.789859	56.108786	40.783456	55.461834	26.274041	25.792674	27.782386	31.587336	35.537857
traj_pdb_0181.pdb 0	68.039027	44.351175	56.787155	40.014761	53.648961	26.796142	29.515184	23.998222	25.964614	33.602581
traj_pdb_0182.pdb 0	68.427454	44.271800	55.176658	39.630433	53.646079	24.638850	26.336725	24.923623	29.089390	35.586888
traj_pdb_0183.pdb 0	67.646564	44.761009	54.241143	41.324581	54.709159	26.799340	27.829601	28.284817	34.083085	36.580663
traj_pdb_0184.pdb 0	68.044467	46.494253	53.708985	40.014928	57.372227	29.999814	31.739362	27.769518	32.030441	34.435033
traj_pdb_0185.pdb 0	67.567336	46.353086	56.607433	40.445146	57.584922	30.690797	33.988043	28.892845	35.534453	35.224419
traj_pdb_0186.pdb 0	66.769760	46.766499	58.175922	39.863414	57.371160	31.286093	31.992788	29.455339	33.932455	36.214861
traj_pdb_0187.pdb 0	67.279125	46.824572	58.222400	39.896141	55.903359	27.265693	29.597097	27.627789	35.262011	37.650561
traj_pdb_0188.pdb 0	67.252451	47.097949	56.950811	40.475723	56.822675	29.485606	31.889768	27.572356	31.995292	35.772093
traj_pdb_0189.pdb 0	68.339864	48.355593	57.553803	39.997459	54.736616	28.135796	27.752299	27.728363	33.356953	35.582899
traj_pdb_0190.pdb 0	67.148427	46.272766	57.208062	39.226750	55.153609	27.766712	29.782717	26.115661	29.660012	33.464693
traj_pdb_0191.pdb 0	67.104885	47.307990	55.391629	38.914561	56.596547	32.393999	32.368834	29.562332	33.420824	34.096357
traj_pdb_0192.pdb 0	68.697688	46.792399	54.285607	38.015475	54.842017	29.917862	33.333641	26.152853	28.686124	34.351222
traj_pdb_0193.pdb 0	69.026874	46.050304	55.936445	42.289620	55.406425	26.303154	29.997152	25.116097	29.540887	32.430186
traj_pdb_0194.pdb 0	68.868702	45.988023	55.161752	37.619958	53.366287	25.947689	28.424022	24.691386	27.823884	34.159178
traj_pdb_0195.pdb 0	68.356610	45.177485	57.217870	41.935748	54.052614	25.731093	27.040486	25.579392	30.334048	32.714777
traj_pdb_0196.pdb 0	68.730272	44.776749	55.761880	41.393196	55.681908	27.037515	28.502346	27.340290	32.176648	32.935791
traj_pdb_0197.pdb 0	67.957285	45.669144	56.084022	39.223160	57.231982	28.202709	30.571759	25.524352	27.550261	32.180330
traj_pdb_0198.pdb 0	67.724316	46.141274	53.718848	40.832800	59.911309	30.481504	31.411271	29.238027	32.175448	34.178971
traj_pdb_0199.pdb 0	67.529898	44.673315	54.180477	39.249607	53.095204	26.813731	27.476442	25.794757	30.298240	31.071713
traj_pdb_0200.pdb 0	66.428515	45.558913	57.582248	43.922060	56.737359	26.815651	27.075402	27.641832	33.707455	32.748788
traj_pdb_0201.pdb 0	68.159930	45.568954	58.002752	40.833767	52.486846	23.936023	25.168983	25.588397	30.397085	33.888725
traj_pdb_0202.pdb 0	66.989204	45.331082	55.630415	41.349561	54.207620	25.975654	26.964475	26.638919	32.469108	34.049698
traj_pdb_0203.pdb 0	66.378670	45.711180	56.929940	41.936157	56.280059	28.143012	29.877257	27.757891	32.423574	31.866406
traj_pdb_0204.pdb 0	65.480601	45.735957	56.204471	39.139536	55.689280	27.367514	30.545247	26.126884	29.772649	34.145079
traj_pdb_0205.pdb 0	65.359855	45.091722	54.638091	39.528434	58.947423	31.076409	33.328243	27.684160	30.012058	32.895470
traj_pdb_0206.pdb 0	66.793131	44.960829	55.608816	38.114603	53.955910	27.242975	30.059117	24.807950	28.906111	31.688827
traj_pdb_0207.pdb 0	66.643321	45.223567	55.903119	38.864867	54.045141	26.414430	28.783987	25.176099	28.015890	32.762643
traj_pdb_0208.pdb 0	66.108790	44.365949	59.208763	42.444293	55.051818	23.941537	24.563002	26.161069	31.710235	34.813174
traj_pdb_0209.pdb 0	65.878091	45.801588	55.262061	41.317947	56.754697	27.114594	29.172836	26.235914	32.719581	32.169854
traj_pdb_0210.pdb 0	66.233978	46.091215	56.355132	40.798167	50.763423	24.462763	23.471930	27.016121	32.085899	33.778460
traj_pdb_0211.pdb 0	64.758894	46.856556	60.964263	39.830206	51.608649	25.219416	23.623044	28.854161	34.145564	40.148819
traj_pdb_0212.pdb 0	64.557714	46.325833	62.240452	40.211354	53.851252	27.913921	24.428740	31.874410	37.624478	38.697286
traj_pdb_0213.pdb 0	66.509530	45.496271	60.313960	40.628200	51.092171	24.069111	23.954595	28.174211	33.639072	39.320614
traj_pdb_0214.pdb 0	64.782931	45.996176	61.625924	39.398435	55.338469	26.828995	25.442096	28.750015	33.908724	37.310828
traj_pdb_0215.pdb 0	67.061308	46.183857	60.426197	40.932846	54.217551	26.719991	26.189251	28.551262	34.219715	37.772347
traj_pdb_0216.pdb 0	66.359727	45.370477	58.963453	41.872713	58.530867	30.135531	28.480711	31.215582	37.688320	38.695515
traj_pdb_0217.pdb 0	65.668577	45.945687	60.477616	40.672484	56.275608	28.112192	27.884905	29.187013	35.193913	39.320547
traj_pdb_0218.pdb 0	64.606615	45.445863	59.180716	40.786187	58.628608	28.610415	28.581842	29.462312	35.325733	38.894233
traj_pdb_0219.pdb 0	66.157587	46.104351	60.670155	42.471203	52.981258	24.585450	24.069914	28.924819	33.801230	38.680759
traj_pdb_0220.pdb 0	66.667301	46.027211	60.907973	42.807244	51.438471	25.131167	23.924918	28.724767	33.088982	36.500656
traj_pdb_0221.pdb 0	65.909643	47.227538	62.792177	40.021419	53.843945	23.508863	23.726828	26.954314	32.199942	40.686366
traj_pdb_0222.pdb 0	65.553864	45.869578	59.177116	42.924388	52.377247	23.425372	24.616860	25.984784	31.011032	36.691863
traj_pdb_0223.pdb 0	65.549511	45.533129	57.450833	42.324857	57.163071	25.998164	26.264170	26.962815	31.766317	33.862364
traj_pdb_0224.pdb 0	65.663461	44.663886	56.890137	43.383524	55.989927	27.121615	25.751072	30.147525	36.352241	34.253759
traj_pdb_0225.pdb 0	65.695635	44.587182	57.500618	40.774511	52.942448	24.340397	24.423230	26.018527	31.358997	34.567462
traj_pdb_0226.pdb 0	67.472596	45.111339	54.778888	42.316756	53.779581	25.117114	25.523530	25.375689	30.165899	33.407421
traj_pdb_0227.pdb 0	65.970152	45.850607	59.106293	43.741485	48.600624	23.693686	22.149606	27.601839	31.983183	35.667604
traj_pdb_0228.pdb 0	67.701746	46.655455	56.137094	41.680709	53.344716	25.036642	23.886077	26.975998	31.509536	34.064503
traj_pdb_0229.pdb 0	66.741071	45.274997	59.514566	40.808014	50.485180	25.512950	23.618336	28.939392	33.429706	33.504850
traj_pdb_0230.pdb 0	65.153907	45.707796	56.890488	42.989853	53.232193	26.222718	25.374136	27.849619	32.600863	34.655585
traj_pdb_0231.pdb 0	67.095758	45.063646	55.624715	41.637881	53.002820	23.589608	24.736785	25.242014	30.161617	33.164840
traj_pdb_0232.pdb 0	65.082018	45.887261	56.011403	44.596731	54.381862	25.049985	24.200572	29.728279	34.003104	34.153027
traj_pdb_0233.pdb 0	65.376160	46.748647	52.642758	43.470331	56.863851	26.055072	27.978985	27.392089	32.790210	30.963098
traj_pdb_0234.pdb 0	67.002239	45.409651	54.575315	43.612527	56.047811	27.894046	26.395083	31.284709	36.487972	34.644748
traj_pdb_0235.pdb 0	67.144082	45.564737	55.937827	42.710362	54.476860	25.532646	25.792216	27.203027	32.114587	34.237286
traj_pdb_0236.pdb 0	67.271474	46.354672	57.899331	43.458721	53.220345	23.652827	24.159865	25.479154	29.426675	35.193106
traj_pdb_0237.pdb 0	66.544249	45.633396	57.468848	42.533648	51.476126	24.994511	24.884294	25.461264	29.418923	34.315039
traj_pdb_0238.pdb 0	66.655618	46.709477	56.063644	41.432670	51.332465	27.354831	25.420446	30.619498	36.604461	32.880461
traj_pdb_0239.pdb 0	66.912840	46.451436	56.169576	42.477546	54.835207	26.499724	27.909226	26.451923	32.442520	34.566691
traj_pdb_0240.pdb 0	64.351493	46.819770	56.303131	40.771683	52.641032	26.720021	25.046099	30.023575	35.334215	36.893926
traj_pdb_0241.pdb 0	65.291276	46.951732	55.727428	42.088227	53.639122	28.658499	28.603741	28.575386	33.437557	35.469063
traj_pdb_0242.pdb 0	61.913978	46.095244	56.169101	44.021025	54.367780	25.994473	26.481386	27.796778	32.381522	35.853027
traj_pdb_0243.pdb 0	63.132543	46.454615	54.091067	43.753259	55.016463	28.641314	28.033753	30.463305	35.040207	35.478211
traj_pdb_0244.pdb 0	64.502282	45.396020	53.404165	42.162483	54.684364	28.879138	29.856228	28.218647	34.043784	33.762903
traj_pdb_0245.pdb 0	64.149697	47.340898	53.741629	45.358135	56.228557	27.829114	27.549991	28.876823	33.720709	32.509230
traj_pdb_0246.pdb 0	63.272978	46.024943	52.726780	44.183854	54.633717	26.441142	26.645066	29.186593	33.953623	34.206576
traj_pdb_0247.pdb 0	64.857816	44.914073	53.362772	43.608527	54.142357	26.302242	26.464087	29.265017	34.735460	35.589475
traj_pdb_0248.pdb 0	62.830360	45.611138	55.238524	44.502427	53.195151	25.739608	24.780780	29.965879	34.382798	36.791511
traj_pdb_0249.pdb 0	63.876722	45.194232	54.137237	44.958559	54.623022	25.620559	25.776078	27.630448	32.955751	35.048229
traj_pdb_0250.pdb 0	61.957351	46.425027	51.505907	45.399713	52.847735	25.294845	26.826696	27.003347	32.907840	31.440777
traj_pdb_0251.pdb 0	64.726902	46.147180	51.461190	42.560571	54.992845	26.951855	27.279578	27.343626	33.016187	31.443263
traj_pdb_0252.pdb 0	62.968759	47.300786	54.346022	42.265472	55.516331	26.284006	26.141487	30.661381	35.698851	36.506879
traj_pdb_0253.pdb 0	62.492456	45.971935	53.949946	44.801376	52.227762	24.267875	25.401584	26.897487	31.667647	33.123674
traj_pdb_0254.pdb 0	63.437366	46.239116	53.725669	44.085242	54.938236	26.829550	26.692287	29.303925	35.291838	34.586748
traj_pdb_0255.pdb 0	61.992193	45.797811	52.092712	45.044584	52.835506	27.141601	25.538514	28.423978	34.252694	32.475409
traj_pdb_0256.pdb 0	62.983201	46.068744	50.304602	44.197971	54.288761	27.333088	25.982541	29.104535	35.043815	34.645826
traj_pdb_0257.pdb 0	61.664518	47.074780	51.323988	45.457003	52.776415	26.035920	25.941554	28.421187	33.238910	32.938454
traj_pdb_0258.pdb 0	62.702490	45.562958	54.184103	46.457550	48.194463	24.433243	23.448038	28.144792	33.501254	33.274668
traj_pdb_0259.pdb 0	61.663225	47.863704	52.964681	45.142407	51.650951	26.136609	25.341462	28.222212	33.494930	34.415590
traj_pdb_0260.pdb 0	63.646349	47.953823	51.838894	43.903432	52.833896	26.028803	25.180968	29.844533	35.307685	35.333894
traj_pdb_0261.pdb 0	63.594626	46.911061	54.167160	44.159387	50.552702	25.099659	24.313265	27.451666	32.220516	35.323629
traj_pdb_0262.pdb 0	64.855506	45.276083	54.614644	42.931746	51.622194	25.061347	24.144478	27.267807	31.759544	35.339844
traj_pdb_0263.pdb 0	64.169223	46.300890	55.476586	43.149950	51.706526	25.891166	24.019226	28.083511	33.708715	35.625410
traj_pdb_0264.pdb 0	63.681424	45.702513	51.998468	44.763340	52.877530	26.353098	24.598854	27.133635	32.923644	33.943941
traj_pdb_0265.pdb 0	64.680215	45.896663	54.049596	44.360866	51.736315	25.996718	24.325219	26.054277	31.150887	33.091417
traj_pdb_0266.pdb 0	64.733017	45.640036	52.585784	44.406394	52.224975	25.155818	24.496974	26.822835	31.894435	34.607981
traj_pdb_0267.pdb 0	63.070350	47.402453	52.596229	43.796093	52.758060	28.169773	25.983261	29.547980	34.251301	34.429184
traj_pdb_0268.pdb 0	62.014162	47.482946	52.431752	43.457127	52.085120	24.682266	24.452403	26.083505	30.249075	34.645399
traj_pdb_0269.pdb 0	61.208746	47.988169	52.288965	43.558773	52.489214	25.229072	24.571742	27.927256	33.031242	36.141401
traj_pdb_0270.pdb 0	59.297673	47.293491	51.609148	43.862181	50.629351	25.175703	23.669224	27.320499	32.839377	34.951438
traj_pdb_0271.pdb 0	59.420659	47.793697	52.503436	43.874786	51.984410	24.570624	23.649164	28.000864	33.397279	35.982262
traj_pdb_0272.pdb 0	60.334426	46.896430	52.930119	44.193264	53.039736	24.308140	23.989747	28.216032	32.286563	35.123725
traj_pdb_0273.pdb 0	61.536465	46.878303	54.575411	42.984412	53.422333	24.751397	22.499534	27.955864	32.405096	35.733622
traj_pdb_0274.pdb 0	61.254607	47.678674	49.902689	43.155048	53.928535	25.661562	24.074601	27.404083	31.663274	33.258310
traj_pdb_0275.pdb 0	59.730458	47.557337	50.444431	42.826312	55.223951	25.263506	24.368441	29.504543	34.319535	35.362596
traj_pdb_0276.pdb 0	59.204552	47.905479	52.917224	42.675690	55.600030	23.489075	22.433648	27.020459	31.850326	36.098058
traj_pdb_0277.pdb 0	61.058425	46.601401	51.245408	42.983716	54.957751	26.911371	26.511476	29.164247	33.585270	35.419725
traj_pdb_0278.pdb 0	59.275316	48.611380	50.536929	42.146203	55.762019	27.392438	24.998475	29.233295	35.127506	37.071063
traj_pdb_0279.pdb 0	60.924879	48.123847	51.269030	42.194293	56.114474	25.418276	24.987926	26.828191	31.472690	36.340599
traj_pdb_0280.pdb 0	60.607352	47.565096	49.490403	44.232656	57.065862	26.087430	24.834219	27.979514	32.946568	32.424390
traj_pdb_0281.pdb 0	60.969497	46.960520	49.286744	47.034624	58.703039	27.182879	26.266970	27.897059	31.923641	31.210020
traj_pdb_0282.pdb 0	57.745814	46.859697	51.209517	45.681342	56.541052	26.212711	24.759714	27.460999	33.337034	33.017017
traj_pdb_0283.pdb 0	58.311700	47.446742	50.424346	46.393282	58.463108	27.673382	25.769317	29.348489	35.119298	33.330390
traj_pdb_0284.pdb 0	57.179946	47.429354	47.377538	45.935607	57.679460	30.377685	26.559298	30.101332	35.686872	31.594428
traj_pdb_0285.pdb 0	57.524875	47.100086	50.450463	45.636756	57.923350	28.671326	26.044225	29.972057	36.261982	33.096925
traj_pdb_0286.pdb 0	57.540296	47.844216	48.698693	44.704320	58.261844	29.259052	26.911366	30.228855	34.059771	31.863765
traj_pdb_0287.pdb 0	57.659298	46.547743	47.868457	47.864461	58.958699	28.299197	26.064175	30.720531	34.493005	32.008446
traj_pdb_0288.pdb 0	58.144201	45.884543	48.853704	45.501253	57.745690	27.995693	26.615340	29.012213	34.065783	34.334062
traj_pdb_0289.pdb 0	56.847560	46.653828	48.754260	45.813174	55.603217	27.236222	25.507711	28.414713	33.099245	33.125995
traj_pdb_0290.pdb 0	56.062183	46.752598	51.726874	45.700086	55.776018	25.587879	23.790947	27.285232	30.855851	34.257730
traj_pdb_0291.pdb 0	56.218919	47.718553	52.287194	44.211965	54.405170	26.465256	24.042506	27.921149	32.645779	34.266591
traj_pdb_0292.pdb 0	56.687187	47.452937	50.492415	46.038114	56.314268	27.798758	25.242259	29.588481	33.668628	33.376145
traj_pdb_0293.pdb 0	54.795202	47.137487	49.367753	46.382243	55.930818	28.071746	25.389189	29.323052	34.052910	32.813283
traj_pdb_0294.pdb 0	55.602039	47.055282	49.656422	46.670403	57.919930	28.690457	26.638820	30.192698	35.160518	32.683548
traj_pdb_0295.pdb 0	55.462652	47.545566	47.338816	44.127790	57.535423	29.726026	27.845628	31.885950	36.441921	34.925829
traj_pdb_0296.pdb 0	57.201360	46.348860	48.125295	44.286332	56.634991	28.343168	26.959166	29.477023	33.805477	35.238631
traj_pdb_0297.pdb 0	58.500981	46.181982	49.099376	43.847344	57.200337	27.617264	27.450352	29.288769	34.357892	35.521138
traj_pdb_0298.pdb 0	57.946489	47.063988	50.890593	44.521635	56.940496	28.625545	28.062378	28.959478	33.682357	31.651312
traj_pdb_0299.pdb 0	60.507661	45.972588	49.333908	42.663673	56.867606	30.112388	26.054973	28.491059	33.451742	31.249092
traj_pdb_0300.pdb 0	58.544066	46.710095	50.274462	44.991740	56.535872	29.453585	24.732068	27.952368	32.325731	31.614679
traj_pdb_0301.pdb 0	59.690642	47.329531	52.380588	44.441681	55.175031	28.312978	24.794035	27.483125	32.585313	33.037709
traj_pdb_0302.pdb 0	60.859358	46.702272	51.127343	43.790688	54.951100	28.872324	22.535236	27.309376	30.085704	33.778719
traj_pdb_0303.pdb 0	62.242531	47.570887	52.757139	44.294427	57.556805	25.786561	25.171967	26.808756	29.912832	33.547872
traj_pdb_0304.pdb 0	61.696945	47.184764	54.536129	45.539370	56.283639	23.584941	23.339275	26.314499	30.747218	33.668196
traj_pdb_0305.pdb 0	62.295471	48.154671	55.591912	43.238063	56.189761	24.805693	24.270056	27.366032	31.098098	34.925062
traj_pdb_0306.pdb 0	61.308747	47.718908	54.861408	44.929134	57.000672	27.363770	25.990082	28.715548	32.907909	33.120173
traj_pdb_0307.pdb 0	60.146753	47.366361	51.875657	43.702790	56.683653	27.416795	25.962949	29.446314	34.102086	34.339351
traj_pdb_0308.pdb 0	61.114259	47.106188	51.991346	43.809306	55.983927	29.123872	25.094044	28.477357	32.899038	31.708990
traj_pdb_0309.pdb 0	57.667077	46.756710	51.619465	43.639607	55.952426	27.712225	24.711825	31.042999	35.423155	34.562153
traj_pdb_0310.pdb 0	59.486683	47.290810	53.996329	44.273770	55.704717	29.520777	25.451288	29.717760	34.081790	35.303820
traj_pdb_0311.pdb 0	59.859902	47.258672	52.231235	44.362930	56.474081	30.242245	25.818124	30.385175	33.949603	34.046388
traj_pdb_0312.pdb 0	58.590884	49.243922	52.903160	42.853358	54.675406	29.203460	25.658038	28.962746	33.055760	33.877602
traj_pdb_0313.pdb 0	59.949279	46.654648	51.632431	44.069043	56.340027	30.631441	25.843754	29.679818	34.522990	33.967239
traj_pdb_0314.pdb 0	60.132998	47.364958	50.951315	43.670351	56.213014	28.835104	26.106219	30.890685	34.903921	34.486241
traj_pdb_0315.pdb 0	58.254699	48.417570	54.422565	43.425942	57.664578	29.602187	25.349281	31.171209	35.567848	37.638733
traj_pdb_0316.pdb 0	59.809200	48.420396	54.182774	44.962038	56.576665	26.535837	24.078423	28.962081	33.371243	34.411676
traj_pdb_0317.pdb 0	58.961237	47.853769	52.806070	44.297033	55.331441	26.117880	24.265018	28.603819	33.616691	32.395959
traj_pdb_0318.pdb 0	59.818619	48.412966	53.222147	42.768094	55.385586	27.393197	25.146098	29.291016	33.860391	33.072809
traj_pdb_0319.pdb 0	59.193102	49.329306	53.388823	43.952278	53.934647	26.890330	23.951549	28.865991	33.743181	33.175709
traj_pdb_0320.pdb 0	57.219610	48.752625	51.657288	44.061707	55.649487	28.711567	25.451810	30.272246	35.594625	32.270869
traj_pdb_0321.pdb 0	57.259482	48.432119	53.200375	44.985044	55.237938	29.829638	26.095521	30.118579	35.252983	31.577097
traj_pdb_0322.pdb 0	60.457246	48.586200	53.731765	44.071475	56.322076	27.262443	23.985735	27.967971	31.924967	31.685860
traj_pdb_0323.pdb 0	59.625521	48.239290	53.698236	42.793163	56.309153	26.816632	24.359104	29.029117	34.104793	33.699623
traj_pdb_0324.pdb 0	-nan	48.847749	54.369915	-nan	-nan	26.906493	24.280436	27.177185	30.753530	31.799124
traj_pdb_0325.pdb 0	56.933310	47.818494	52.821107	43.418672	58.051892	29.529469	26.895725	30.334898	35.106445	34.852365
traj_pdb_0326.pdb 0	60.634872	47.274319	53.084698	43.606435	55.528278	28.554089	25.298750	28.736608	34.006176	33.988296
traj_pdb_0327.pdb 0	61.287980	47.784349	54.034885	42.377610	55.837322	26.913787	23.454955	27.325392	32.071826	34.551312
traj_pdb_0328.pdb 0	59.357566	48.071605	53.862190	43.879942	56.096143	26.244863	23.789027	28.087880	33.479333	33.615832
traj_pdb_0329.pdb 0	60.860599	48.161025	51.647348	42.645882	55.125268	25.961662	23.687449	27.950777	32.121189	34.309849
traj_pdb_0330.pdb 0	60.128449	47.826924	52.550699	43.488503	56.110080	25.186309	22.881824	28.623681	33.821466	34.219234
traj_pdb_0331.pdb 0	57.772244	49.125300	53.076570	45.594351	56.118674	25.477161	22.292682	27.325862	33.613120	32.035439
traj_pdb_0332.pdb 0	57.079160	48.966724	50.065913	43.409717	57.577303	27.923433	24.724658	29.667703	34.350387	34.862774
traj_pdb_0333.pdb 0	60.002304	48.349848	51.557186	41.978770	56.807575	28.411394	25.109145	27.402598	33.609542	33.546376
traj_pdb_0334.pdb 0	58.133079	48.787558	50.253244	43.434128	59.064014	29.390960	26.943271	32.139807	37.698840	37.221168
traj_pdb_0335.pdb 0	57.191765	49.978339	50.280250	43.545366	57.578101	28.693626	28.156792	30.110576	35.656904	34.737220
traj_pdb_0336.pdb 0	59.267252	47.227107	50.477503	42.333086	57.015880	26.500854	26.764104	27.947522	33.441319	33.287688
traj_pdb_0337.pdb 0	61.254630	47.049531	50.697056	43.023222	55.476168	26.861731	26.485091	26.978336	31.828603	33.961777
traj_pdb_0338.pdb 0	62.485943	47.561322	51.812718	43.400648	56.510068	26.649740	27.282174	27.720886	33.299888	34.455126
traj_pdb_0339.pdb 0	61.236515	47.307121	52.151625	43.022754	56.353668	26.419814	26.444673	25.890569	29.410039	35.257690
traj_pdb_0340.pdb 0	61.007678	47.178520	51.871573	44.175076	55.476951	26.073637	25.567061	27.766260	31.951502	37.175348
traj_pdb_0341.pdb 0	58.172387	48.851151	49.775613	42.039466	55.571383	26.258072	25.370039	27.687846	32.269366	36.589290
traj_pdb_0342.pdb 0	56.091644	47.356444	49.842691	44.987438	53.911575	25.398348	23.372791	27.559118	32.248020	34.291952
traj_pdb_0343.pdb 0	57.835977	47.555039	51.105887	44.494373	53.787557	24.152419	22.451500	26.531650	31.242639	34.724425
traj_pdb_0344.pdb 0	57.530567	47.432304	51.332527	44.003592	56.131248	25.311808	24.571481	27.608177	31.989015	35.812972
traj_pdb_0345.pdb 0	57.317754	47.147130	51.465951	44.298862	53.533481	24.525493	23.181544	27.366194	31.553691	35.899035
traj_pdb_0346.pdb 0	55.043909	49.516446	50.650772	43.922589	55.579090	26.871323	25.274496	28.671420	34.387415	36.997164
traj_pdb_0347.pdb 0	59.827373	47.712919	50.238107	44.116882	55.883609	26.177778	23.909033	27.369204	33.735720	35.550845
traj_pdb_0348.pdb 0	60.315311	47.166345	52.667540	45.182968	55.287201	25.236985	22.350197	27.416026	31.712061	35.246248
traj_pdb_0349.pdb 0	58.792083	48.546908	50.951792	44.352950	56.020579	28.727609	25.710196	29.589380	35.128066	33.760027
traj_pdb_0350.pdb 0	59.374773	48.340770	52.156791	43.205395	56.363634	26.591660	24.663805	28.705356	32.944496	35.481654
traj_pdb_0351.pdb 0	61.148663	49.319053	54.214081	43.646881	55.619350	26.677039	24.481776	28.494501	32.758290	33.501814
traj_pdb_0352.pdb 0	61.086836	48.675318	53.032298	42.976798	54.731271	26.196722	22.803521	27.251461	31.123011	32.489211
traj_pdb_0353.pdb 0	59.373667	48.009148	52.621127	43.283113	54.731263	27.058419	23.753451	28.176581	32.627772	34.845477
traj_pdb_0354.pdb 0	60.088753	48.604679	52.769617	43.365411	56.390286	26.711692	23.953015	29.640126	34.030789	35.306736
traj_pdb_0355.pdb 0	59.172638	50.484931	53.847658	41.617118	55.569348	27.761110	24.820507	30.114841	34.322253	35.568860
traj_pdb_0356.pdb 0	59.925370	50.368324	52.199744	42.885177	54.580407	26.251685	23.276087	28.697808	34.726355	36.069364
traj_pdb_0357.pdb 0	61.307801	50.226799	52.602681	44.204073	53.974955	25.318776	22.164558	27.526407	31.800113	35.375309
traj_pdb_0358.pdb 0	62.014826	50.166275	53.492504	41.941854	54.424146	25.217495	21.796150	29.327199	33.940837	37.260090
traj_pdb_0359.pdb 0	61.730017	50.769762	55.577446	43.160897	54.173786	25.653623	23.872843	27.183453	31.943253	33.899350
traj_pdb_0360.pdb 0	61.016693	49.498188	53.671516	43.707420	54.193587	27.037895	23.973668	28.557014	33.273494	34.508830
traj_pdb_0361.pdb 0	60.156238	50.178817	52.530932	44.005085	54.887054	26.721528	24.890447	29.477585	33.541151	35.180353
traj_pdb_0362.pdb 0	61.141383	49.421448	53.899800	44.323885	53.054892	24.170916	22.227012	27.001819	31.608731	35.574124
traj_pdb_0363.pdb 0	60.144771	48.775311	52.979656	44.020691	53.897410	25.698800	23.700721	28.319598	32.813259	36.034919
traj_pdb_0364.pdb 0	61.323640	50.119832	53.322196	44.211716	54.408008	25.750822	23.430951	27.628596	30.671222	34.451918
traj_pdb_0365.pdb 0	61.016893	50.262691	53.141169	42.874593	54.779691	26.934751	23.782143	28.845630	32.204545	33.480101
traj_pdb_0366.pdb 0	59.545844	51.585401	54.349621	42.599321	55.351314	25.081699	23.886809	28.401995	33.007030	35.436767
traj_pdb_0367.pdb 0	59.094386	51.121259	53.756534	42.676504	54.858548	26.017242	23.765601	27.237544	31.599601	34.092961
traj_pdb_0368.pdb 0	60.241789	51.335913	53.252581	42.987307	56.747726	27.103449	25.660460	28.125823	32.090701	34.730812
traj_pdb_0369.pdb 0	60.472260	54.155010	53.228586	43.538487	56.905763	27.471181	25.406558	29.314260	33.804841	32.914393
traj_pdb_0370.pdb 0	60.828633	52.002930	52.183113	42.375063	55.696450	28.049928	24.853091	29.091868	32.808818	31.999602
traj_pdb_0371.pdb 0	62.989922	51.165543	52.889246	42.891556	55.315192	26.236326	23.701691	27.177856	31.333629	34.832666
traj_pdb_0372.pdb 0	62.298673	50.290090	54.979514	43.909236	51.632543	23.285382	20.789288	24.395179	27.397585	34.896590
traj_pdb_0373.pdb 0	61.826306	48.934296	49.777867	44.209678	56.445559	29.148591	25.921069	29.631085	33.978808	34.002602
traj_pdb_0374.pdb 0	62.480982	47.656245	51.411728	45.107238	55.915869	27.210729	22.795675	27.131708	30.694628	33.744989
traj_pdb_0375.pdb 0	62.217077	49.786752	53.944906	44.705896	55.370765	27.612055	23.363137	27.726724	32.251100	32.844261
traj_pdb_0376.pdb 0	62.744384	50.563116	47.878428	44.156156	57.106082	30.754980	27.066405	31.194401	36.509777	30.727312
traj_pdb_0377.pdb 0	61.531922	50.273626	49.728747	42.424808	56.509816	29.186967	26.359351	30.046052	34.945697	31.720408
traj_pdb_0378.pdb 0	63.313216	51.864521	51.922847	41.696937	53.925383	28.203991	24.166520	27.324710	31.499911	30.128634
traj_pdb_0379.pdb 0	61.878373	50.973268	51.336222	41.703257	54.660440	29.172272	25.817913	27.187341	31.632625	29.840877
traj_pdb_0380.pdb 0	60.603107	51.831111	50.396180	40.011437	54.680728	29.534839	27.180131	28.471102	34.114056	31.115041
traj_pdb_0381.pdb 0	60.127710	51.163218	49.459511	40.973710	56.476691	29.684063	26.475675	30.372424	35.442448	32.058925
traj_pdb_0382.pdb 0	59.931702	51.249924	49.399532	41.020294	56.307884	29.106993	25.417682	30.147180	34.728369	32.604212
traj_pdb_0383.pdb 0	59.871631	50.997948	51.599807	39.250110	55.144902	27.936946	23.611886	28.910994	32.730583	31.178550
traj_pdb_0384.pdb 0	60.674772	51.835931	51.517110	39.515279	56.071032	30.957651	26.471173	30.352308	34.592228	31.544990
traj_pdb_0385.pdb 0	60.261126	50.909712	49.637362	40.770975	55.610792	31.313867	26.137717	30.638265	34.990994	30.557930
traj_pdb_0386.pdb 0	59.902099	49.852664	51.049801	41.655397	54.382825	30.111564	23.797365	27.442730	29.757054	30.126859
traj_pdb_0387.pdb 0	60.188351	51.146087	51.114990	41.201443	55.434567	26.599027	24.415921	27.614786	33.086031	32.400588
traj_pdb_0388.pdb 0	62.310128	49.993541	49.759908	40.009961	56.559295	27.847603	25.972819	28.274994	32.970398	31.896902
traj_pdb_0389.pdb 0	60.555194	53.215312	50.191630	39.721357	54.884019	28.260758	24.760037	28.711465	32.923017	30.372793
traj_pdb_0390.pdb 0	61.830511	51.782424	49.085371	40.657568	55.789708	26.756781	24.043088	28.840235	34.238553	33.538765
traj_pdb_0391.pdb 0	60.528293	51.638310	49.225366	40.446132	53.830005	26.013451	23.326530	27.122004	31.112877	31.661256
traj_pdb_0392.pdb 0	61.372378	50.497118	49.054440	41.372877	55.723004	27.816807	24.766264	28.127577	33.542801	32.318283
traj_pdb_0393.pdb 0	60.236002	52.793474	51.424648	38.682671	55.566996	28.816944	25.277263	28.956719	32.177200	32.754694
traj_pdb_0394.pdb 0	60.017211	51.314866	50.493448	41.345426	56.143051	27.980600	24.046537	29.670328	33.548481	33.291822
traj_pdb_0395.pdb 0	60.012158	51.005452	51.015600	42.133478	55.533165	27.737524	26.604140	28.256630	32.802107	30.197989
traj_pdb_0396.pdb 0	60.595357	50.627578	54.660258	42.860944	54.417990	24.036140	21.324826	25.502963	28.862613	31.897812
traj_pdb_0397.pdb 0	63.204920	48.251534	52.254921	41.069018	55.853921	23.899004	20.404132	26.662189	30.052145	34.252042
traj_pdb_0398.pdb 0	61.642158	50.644659	52.807052	40.481324	55.986845	24.498986	20.046735	26.019303	29.971602	33.676222
traj_pdb_0399.pdb 0	61.874911	49.351237	52.518905	41.585381	56.004123	24.554203	22.389202	26.603004	30.264665	34.404811
traj_pdb_0400.pdb 0	62.957555	49.713624	52.819924	41.437847	55.804820	24.237413	20.439370	27.018145	31.829226	34.109895
traj_pdb_0401.pdb 0	61.561941	49.573193	51.545134	42.161511	55.198168	27.334359	23.354690	28.580591	31.547873	32.375740
traj_pdb_0402.pdb 0	60.621813	49.899424	50.153159	42.467474	57.672794	29.720642	25.001152	32.069442	35.943988	34.358604
traj_pdb_0403.pdb 0	62.926322	49.470199	53.190249	42.471795	56.238399	27.396275	22.432156	28.023136	31.695471	33.211897
traj_pdb_0404.pdb 0	62.200586	49.780649	48.572696	41.529520	56.512051	28.677971	25.822844	29.513687	33.952951	31.916490
traj_pdb_0405.pdb 0	62.140013	49.552585	52.835465	41.897475	56.074250	26.800272	24.386935	28.792763	33.234465	33.587334
traj_pdb_0406.pdb 0	60.514034	50.081784	49.639611	41.659732	55.784343	29.371403	25.113549	30.263926	34.443065	30.913062
traj_pdb_0407.pdb 0	62.145877	49.612760	48.353195	40.509032	54.266682	26.527354	22.445555	27.609383	32.637316	31.300195
traj_pdb_0408.pdb 0	62.786524	49.445923	47.222496	39.950809	55.037041	26.151968	21.073011	28.031852	31.629254	32.701794
traj_pdb_0409.pdb 0	60.538477	49.637115	51.635977	42.838662	54.900632	25.804345	19.967746	28.685762	32.773657	33.913015
traj_pdb_0410.pdb 0	62.026003	48.353257	49.276466	42.205536	55.140737	26.825719	22.002157	27.609213	31.543703	31.638825
traj_pdb_0411.pdb 0	63.342359	48.599855	49.119231	41.502441	53.296998	26.984632	19.494160	26.102505	29.716980	28.866219
traj_pdb_0412.pdb 0	62.729683	49.590693	49.333625	40.822572	53.940603	26.704972	18.759164	26.917730	31.532864	30.860782
traj_pdb_0413.pdb 0	62.961123	51.511698	48.490002	41.148300	55.461875	26.725535	24.258992	28.281258	33.174606	31.858547
traj_pdb_0414.pdb 0	61.436667	49.206627	48.771865	42.136375	55.105718	27.448366	22.869193	28.216878	32.796312	30.327594
traj_pdb_0415.pdb 0	59.221365	50.600341	48.686126	43.103293	55.033299	28.240383	23.347840	28.593778	33.878564	29.791105
traj_pdb_0416.pdb 0	60.859950	50.160487	49.174509	41.954974	53.666781	27.244475	21.648827	28.072089	31.931240	29.614455
traj_pdb_0417.pdb 0	61.075456	49.413460	47.427024	42.788796	54.851576	28.076054	24.081832	27.923625	31.506522	30.075393
traj_pdb_0418.pdb 0	60.639077	49.398269	51.474722	42.428099	52.105662	24.146032	20.203379	25.032675	29.821460	29.374512
traj_pdb_0419.pdb 0	61.565864	48.495065	50.740525	44.562097	53.858967	24.222923	19.897171	25.162940	29.297707	28.614351
traj_pdb_0420.pdb 0	61.428567	48.949840	49.480314	44.890935	56.090323	25.584759	-nan	26.447341	31.076300	28.710670
traj_pdb_0421.pdb 0	60.831838	50.224426	50.664784	42.739996	55.675451	24.301876	22.043028	26.327689	31.116122	32.771410
traj_pdb_0422.pdb 0	62.722135	49.408099	50.814535	41.926259	54.336084	24.149791	-nan	24.527360	27.032557	30.290365
traj_pdb_0423.pdb 0	62.619413	51.074896	51.099381	39.588670	53.669691	25.803451	16.893036	27.238327	30.799480	31.247349
traj_pdb_0424.pdb 0	64.769970	50.784042	50.736728	39.360121	52.917171	24.063680	29.060201	25.291667	28.878227	31.775526
traj_pdb_0425.pdb 0	62.535656	49.250740	48.320461	41.457757	54.878936	25.696048	29.243918	28.182151	32.435985	31.103834
traj_pdb_0426.pdb 0	63.398878	49.490284	48.560107	43.080598	54.253726	25.659628	31.663469	27.735920	31.827524	29.395940
traj_pdb_0427.pdb 0	61.394856	49.633871	48.753027	42.874952	53.664165	25.913320	-nan	26.224412	30.732583	31.632799
traj_pdb_0428.pdb 0	64.148186	51.838634	48.877389	39.985652	53.452232	27.677363	18.482904	27.147125	30.560758	29.077142
traj_pdb_0429.pdb 0	62.280859	50.572034	49.552324	42.244585	55.086684	26.970035	19.178591	28.028673	32.409845	32.722008
traj_pdb_0430.pdb 0	62.786268	50.024620	50.382129	42.533355	53.344595	26.437947	-nan	25.791373	28.647761	29.480075
traj_pdb_0431.pdb 0	62.212689	51.034021	50.048537	42.749753	53.983483	26.284384	17.559918	27.108610	30.094442	31.254401
traj_pdb_0432.pdb 0	61.254950	47.865891	49.368895	43.976701	54.217619	26.423241	18.087943	26.476649	30.305626	29.072335
traj_pdb_0433.pdb 0	61.531596	48.351151	49.124311	45.912992	52.664524	24.993951	17.872897	26.010108	29.430996	29.411701
traj_pdb_0434.pdb 0	62.418981	49.015636	50.971043	42.387493	53.584566	23.382599	35.939670	24.305281	26.627973	32.177017
traj_pdb_0435.pdb 0	62.962814	50.138124	51.075350	43.987753	54.270523	23.891491	35.485794	26.950056	30.236337	32.901593
traj_pdb_0436.pdb 0	63.109758	50.111188	51.030972	42.818217	54.525080	24.972649	18.975688	25.998867	30.230899	30.520967
traj_pdb_0437.pdb 0	65.430993	48.712856	51.055059	41.263389	54.546265	25.287484	17.926041	25.549817	30.237629	31.308619
traj_pdb_0438.pdb 0	64.510599	49.723907	50.722261	41.765311	53.742238	25.406338	33.279311	25.677390	29.066031	31.147111
traj_pdb_0439.pdb 0	65.580909	48.791389	50.165199	40.669308	54.086206	25.155711	27.118276	26.406799	30.699578	32.155920
traj_pdb_0440.pdb 0	63.779480	50.610496	51.420769	42.852385	53.758094	25.017755	32.002844	25.385180	28.759622	31.204464
traj_pdb_0441.pdb 0	61.907257	49.489601	52.282468	42.813631	54.034416	26.812818	22.311689	26.680336	29.364108	30.051718
traj_pdb_0442.pdb 0	63.318361	49.333260	53.587486	41.760909	53.609019	25.074045	37.418383	24.841286	28.149145	29.481823
traj_pdb_0443.pdb 0	64.883284	51.834643	51.267587	37.474470	52.700914	25.906763	24.835588	25.401951	27.851847	31.348554
traj_pdb_0444.pdb 0	62.481218	52.324950	55.063759	41.844411	53.488340	24.744051	25.495118	25.021153	27.363845	30.793075
traj_pdb_0445.pdb 0	65.977431	51.030624	52.560430	39.084884	52.574374	26.157448	18.744910	25.763445	28.486883	30.272040
traj_pdb_0446.pdb 0	66.352648	51.988533	54.344998	40.349251	51.355766	24.612945	37.374853	24.288064	25.852677	29.931451
traj_pdb_0447.pdb 0	65.825395	50.531556	49.676622	39.718871	53.928957	26.771326	38.819017	27.690322	31.397662	30.612969
traj_pdb_0448.pdb 0	68.653471	50.616640	52.613813	39.109801	52.600670	25.125735	33.326940	25.878572	28.791470	31.063054
traj_pdb_0449.pdb 0	67.190354	50.684267	55.336957	41.299460	52.928032	23.709273	23.123372	24.703043	26.952454	32.532390
traj_pdb_0450.pdb 0	66.897479	49.531401	53.361456	40.877583	52.695492	23.824983	34.845970	25.323067	28.381395	31.484136
traj_pdb_0451.pdb 0	67.855804	51.745720	53.481874	38.782827	52.569052	23.483704	21.877896	24.739113	28.174310	31.821772
traj_pdb_0452.pdb 0	67.442591	49.541105	50.574694	39.191311	52.582022	24.999028	33.287407	25.668456	29.218643	30.953994
traj_pdb_0453.pdb 0	63.912611	49.596635	52.715128	40.319231	52.258411	24.385836	32.470641	25.130171	28.738162	30.022620
traj_pdb_0454.pdb 0	65.265463	50.938123	53.051806	40.382776	52.439624	24.417876	32.842557	24.786003	27.185354	30.842711
traj_pdb_0455.pdb 0	64.368091	51.780406	51.963237	40.511262	54.155194	25.208272	21.554868	26.256305	28.643498	31.544720
traj_pdb_0456.pdb 0	66.610542	51.418469	52.695709	40.508469	52.481711	24.093750	34.147692	24.141492	29.092623	30.645936
traj_pdb_0457.pdb 0	65.202585	50.054454	51.229782	42.369454	53.143433	24.364255	17.635478	25.501212	28.247592	28.829443
traj_pdb_0458.pdb 0	62.256043	51.285531	52.484255	41.387359	53.175281	24.387608	17.406125	25.444303	28.506921	31.821546
traj_pdb_0459.pdb 0	62.814624	50.395886	49.587711	41.528448	53.228291	25.073544	28.588789	25.388973	29.735392	30.916777
traj_pdb_0460.pdb 0	63.521490	50.742223	53.170807	41.033670	52.635042	24.125960	32.767411	24.795322	28.409612	31.302417
traj_pdb_0461.pdb 0	63.757102	52.495766	54.465984	39.941170	52.936379	23.393997	17.463849	25.010441	27.652572	32.938076
traj_pdb_0462.pdb 0	61.834987	53.302570	52.613521	38.813209	54.111601	23.419989	34.852835	25.475888	29.077551	36.799100
traj_pdb_0463.pdb 0	61.818521	50.112556	50.956196	41.087699	54.299997	23.566095	34.236909	24.828483	29.064073	32.294891
traj_pdb_0464.pdb 0	63.153643	51.416048	50.969403	39.340747	54.366333	23.185753	34.800644	25.834697	28.234792	33.772394
traj_pdb_0465.pdb 0	62.532531	51.298436	51.211076	41.019104	54.448360	22.594226	18.831420	25.930472	28.740970	33.438272
traj_pdb_0466.pdb 0	63.774490	50.442234	54.916506	42.242053	54.827646	23.058243	28.233390	25.984188	27.767196	36.309490
traj_pdb_0467.pdb 0	61.804840	51.730182	52.659415	41.457859	53.731408	22.986810	17.609991	24.443847	27.898676	33.232009
traj_pdb_0468.pdb 0	61.585689	50.293248	52.221136	43.178005	54.019417	22.907509	20.857003	24.924637	27.174262	32.953225
traj_pdb_0469.pdb 0	61.195941	50.773661	51.370755	43.356616	55.021229	24.941113	23.220416	26.308132	30.215399	31.113471
traj_pdb_0470.pdb 0	63.547029	50.412856	51.899197	41.775068	53.757123	23.796899	20.273476	25.280853	28.831227	32.246472
traj_pdb_0471.pdb 0	62.916898	50.014439	54.255288	41.916807	51.881430	22.544754	21.495681	23.358757	26.290513	31.569069
traj_pdb_0472.pdb 0	63.434685	49.693135	54.098214	41.942568	51.762291	23.653430	21.895837	23.073913	25.282254	31.493459
traj_pdb_0473.pdb 0	61.699717	49.972916	52.168756	42.043160	53.195321	24.286143	19.915249	24.904451	27.410106	31.463783
traj_pdb_0474.pdb 0	63.187810	48.501818	52.756806	43.063060	53.172099	24.891138	22.012588	24.495046	28.240151	29.383095
traj_pdb_0475.pdb 0	64.457282	48.437791	50.884183	41.417873	52.663406	24.424453	22.034737	24.306993	27.008235	29.524925
traj_pdb_0476.pdb 0	63.030033	49.055406	53.019669	43.286496	53.643100	22.694637	21.044670	24.473217	27.796229	32.212942
traj_pdb_0477.pdb 0	62.359381	50.350053	53.029538	42.248023	52.982110	21.969552	34.989000	23.128190	27.054251	32.256199
traj_pdb_0478.pdb 0	63.151357	50.649571	53.341054	41.113726	54.284766	22.906514	35.574969	25.929305	29.700213	34.651408
traj_pdb_0479.pdb 0	61.727760	48.915743	51.795073	41.885497	53.688064	24.463075	31.936130	25.052012	28.951284	30.964666
traj_pdb_0480.pdb 0	63.104764	51.397834	52.146330	39.745376	53.567737	24.430095	30.406840	25.333754	28.692018	32.470121
traj_pdb_0481.pdb 0	62.799375	49.709082	51.750328	41.021068	53.473572	24.381102	28.529780	24.859866	28.327332	32.084670
traj_pdb_0482.pdb 0	63.147803	48.118799	51.349759	41.962137	53.358418	23.134477	21.110281	25.090464	29.095882	33.681284
traj_pdb_0483.pdb 0	64.203710	50.440274	54.057848	41.073175	51.879012	22.189788	31.032800	23.583759	26.251188	32.725015
traj_pdb_0484.pdb 0	64.115607	54.261222	51.700372	43.758166	53.057926	22.791361	28.516459	23.983968	26.931024	32.050476
traj_pdb_0485.pdb 0	63.356757	50.562197	52.000796	44.076025	52.172582	22.521040	33.922394	23.840376	26.907439	34.926934
traj_pdb_0486.pdb 0	64.546863	49.579021	49.846839	43.810915	52.744510	24.203759	30.255902	23.830239	27.078565	33.155567
traj_pdb_0487.pdb 0	64.639033	49.637841	50.401024	44.766177	54.028980	23.230543	36.036656	24.461331	27.658210	33.232007
traj_pdb_0488.pdb 0	64.432038	50.616366	51.438427	45.050352	53.297873	22.418494	34.168348	24.036739	26.265194	33.212267
traj_pdb_0489.pdb 0	63.712586	49.172469	51.172572	43.520960	54.156823	22.823698	35.193168	25.520457	29.422434	38.187508
traj_pdb_0490.pdb 0	62.337186	51.155192	50.870091	44.621236	53.291173	22.951326	29.268300	24.640138	28.621341	32.684280
traj_pdb_0491.pdb 0	64.402364	50.612490	51.079592	43.338016	53.435544	23.543272	28.040851	24.235507	27.919835	33.857236
traj_pdb_0492.pdb 0	63.044685	53.711401	52.009977	43.118905	53.899537	22.998513	36.660771	24.780144	28.695100	33.440623
traj_pdb_0493.pdb 0	61.810119	56.229451	52.986115	41.320754	53.435598	24.042218	36.532066	24.688562	26.922748	32.421093
traj_pdb_0494.pdb 0	61.880195	55.674240	53.218659	41.351147	53.943713	24.793472	-nan	25.564591	27.903991	31.552942
traj_pdb_0495.pdb 0	63.288893	56.492383	52.151782	42.614060	52.902435	23.559549	36.233425	24.749499	27.289795	30.494684
traj_pdb_0496.pdb 0	62.866063	55.501986	50.482008	41.623207	53.283271	24.543146	35.643033	25.088386	28.767147	32.799296
traj_pdb_0497.pdb 0	61.659459	54.618487	50.550260	39.408408	54.805316	23.815275	34.117176	26.086426	29.603205	34.690453
traj_pdb_0498.pdb 0	61.394909	53.958752	50.750320	41.133838	53.211546	24.712989	35.747804	25.523023	28.189712	32.368603
traj_pdb_0499.pdb 0	61.952966	54.939897	51.578078	41.620827	53.604256	24.459385	23.527232	24.924963	29.068565	33.292251
traj_pdb_0500.pdb 0	61.241423	51.892476	51.091891	43.559182	53.386442	24.296956	25.587315	25.142879	28.397624	33.104204
traj_pdb_0501.pdb 0	61.246902	53.676589	50.946511	41.184150	52.902290	25.413068	34.555584	25.630803	28.294095	31.511103
traj_pdb_0502.pdb 0	60.854681	54.583993	52.813248	43.139006	52.383756	24.246602	32.777470	24.227094	27.514503	32.038925
traj_pdb_0503.pdb 0	61.478759	52.669032	50.605351	43.292563	53.438916	24.833813	23.502979	25.617167	29.319180	33.699736
traj_pdb_0504.pdb 0	61.406146	50.511540	52.001256	41.006066	52.948831	24.055642	32.917667	24.382157	27.792430	36.068877
traj_pdb_0505.pdb 0	60.255649	54.752475	51.823884	43.285441	53.354931	24.153604	21.322870	25.841077	28.451087	33.323185
traj_pdb_0506.pdb 0	61.283443	53.700523	50.686491	42.550790	54.025315	24.444668	19.537004	27.304766	30.469192	33.523291
traj_pdb_0507.pdb 0	59.915532	54.379046	50.991237	42.364050	55.163175	25.847187	28.950820	26.820619	31.231523	32.865832
traj_pdb_0508.pdb 0	59.326169	56.741451	52.793103	41.200877	53.772028	23.366384	33.622321	26.204889	30.854451	35.039356
traj_pdb_0509.pdb 0	58.477836	56.670645	55.101858	42.638082	52.561394	21.960396	24.358537	25.431746	29.549053	33.810026
traj_pdb_0510.pdb 0	58.411010	54.893916	55.012156	42.829041	52.463057	20.858075	32.041148	23.575159	27.461394	34.726365
traj_pdb_0511.pdb 0	55.441636	56.630808	55.423148	42.478825	53.080497	22.899062	34.536128	23.601695	25.855211	33.304114
traj_pdb_0512.pdb 0	56.182540	56.628033	53.687127	41.229777	54.594529	23.897320	36.085039	26.123577	30.800824	33.603235
traj_pdb_0513.pdb 0	56.474063	55.209541	54.059966	41.110040	55.195035	24.177458	23.144670	27.038709	30.437746	35.493748
traj_pdb_0514.pdb 0	55.963421	57.497971	53.211157	41.455864	55.798454	25.215165	35.862756	28.505605	33.262412	34.198610
traj_pdb_0515.pdb 0	57.727728	56.718627	52.395007	40.739715	55.948614	24.485930	23.335714	29.104822	32.868170	36.871726
traj_pdb_0516.pdb 0	55.457257	55.780393	51.983219	41.954028	56.066089	26.229572	35.287054	28.975589	33.129346	34.661130
traj_pdb_0517.pdb 0	56.950098	57.494280	53.862790	43.445728	54.791192	25.087457	35.340841	26.876062	30.697594	33.269483
traj_pdb_0518.pdb 0	57.820643	56.953604	51.366105	41.452101	54.358666	25.866055	21.468192	29.023063	33.336895	34.490850
traj_pdb_0519.pdb 0	55.020516	56.228686	53.104832	43.684198	55.495017	25.954559	24.833455	28.780401	32.776763	33.847744
traj_pdb_0520.pdb 0	56.719554	53.783860	52.486627	43.100512	55.463805	24.903517	24.109252	27.984720	32.436543	34.362169
traj_pdb_0521.pdb 0	56.927699	55.578557	52.279180	42.655181	55.187471	25.755633	24.901090	28.481335	33.374609	34.502604
traj_pdb_0522.pdb 0	56.165097	52.499937	51.473152	43.259899	56.186293	27.277995	26.733325	28.631259	33.152877	33.539117
traj_pdb_0523.pdb 0	55.527915	56.407546	52.436319	44.155689	55.083379	24.380539	23.395203	27.473474	32.266823	33.586602
traj_pdb_0524.pdb 0	55.484449	56.294205	54.374675	44.308515	53.916634	23.940816	22.531843	27.633307	31.967714	33.207185
traj_pdb_0525.pdb 0	55.484880	54.434035	51.519500	44.628238	55.232689	26.611186	25.700607	29.881988	34.346556	33.853000
traj_pdb_0526.pdb 0	56.589450	57.318012	52.285201	42.593250	55.641828	26.648174	24.264115	29.733487	35.455308	35.988083
traj_pdb_0527.pdb 0	57.050530	59.946082	53.962359	42.686733	55.085641	24.361684	23.262290	28.461550	32.252659	33.592010
traj_pdb_0528.pdb 0	56.984304	58.486326	53.847024	45.428836	54.556318	25.891366	25.663803	27.477967	31.963661	31.161673
traj_pdb_0529.pdb 0	57.569567	56.381794	51.965688	45.244823	55.368906	25.770866	25.494168	28.728209	32.863258	31.831515
traj_pdb_0530.pdb 0	56.723741	55.239811	53.395147	42.711947	54.361343	24.668077	22.935651	26.440790	30.088190	34.671848
traj_pdb_0531.pdb 0	56.053420	57.648355	54.930591	41.675667	55.356049	24.570412	22.369635	27.028987	30.539212	36.437384
traj_pdb_0532.pdb 0	56.189351	52.983562	54.689685	41.624169	54.271622	23.342266	22.725821	25.952225	30.617221	35.917938
traj_pdb_0533.pdb 0	57.223398	56.579290	52.728766	44.201362	53.610929	26.551742	23.908785	28.495231	32.152608	33.961721
traj_pdb_0534.pdb 0	56.701771	53.251831	52.387398	40.931568	53.855439	25.469798	23.823660	28.101164	31.633139	38.116152
traj_pdb_0535.pdb 0	54.739128	53.896415	55.414523	40.191581	55.350747	25.609811	25.508514	28.207028	32.573575	37.287581
traj_pdb_0536.pdb 0	55.789052	52.942467	53.704301	40.936986	55.981573	27.015470	25.294686	28.654760	33.366498	36.523184
traj_pdb_0537.pdb 0	55.265123	51.811799	52.096844	40.655555	58.435694	29.375849	28.381371	29.755048	34.187860	35.131155
traj_pdb_0538.pdb 0	53.773124	54.903938	53.470049	43.946359	56.912384	26.327716	25.723630	28.214150	32.850784	34.692200
traj_pdb_0539.pdb 0	53.971725	53.268100	54.592745	47.700388	56.997627	26.737460	25.600594	28.270782	33.210677	34.344278
traj_pdb_0540.pdb 0	52.561856	55.069248	52.281664	44.971951	56.815158	27.872422	26.138570	29.754706	34.467360	36.027013
traj_pdb_0541.pdb 0	52.318339	58.086000	50.548636	42.978186	57.568367	29.861035	27.206962	32.146664	36.710484	36.218881
traj_pdb_0542.pdb 0	51.705177	57.806059	51.971879	45.071107	56.440458	28.597602	26.591850	30.367367	34.744504	34.863119
traj_pdb_0543.pdb 0	53.541876	56.336436	52.133698	46.399956	58.059499	29.048905	27.637184	30.660072	-nan	32.722029
traj_pdb_0544.pdb 0	50.224835	58.280256	52.523079	45.830417	58.239411	29.030968	26.971555	32.468381	35.919193	33.648002
traj_pdb_0545.pdb 0	49.853820	60.958816	54.716604	48.236790	57.004790	28.166653	26.238645	29.349395	33.869991	33.097160

