structure	137_215	137_268	137_296	215_268	215_296	255_296	258_296	259_296	260_296	268_296
traj_pdb_0001.pdb 0	55.280105	67.085778	92.453228	55.240552	71.660482	38.266493	42.747689	45.152474	45.977017	51.122973
traj_pdb_0002.pdb 0	52.890379	63.456780	90.059260	54.437840	70.513406	33.375260	38.898949	40.341543	43.014831	51.076469
traj_pdb_0003.pdb 0	54.313210	54.860226	94.624453	50.898577	73.822064	35.102809	41.588170	41.846466	44.576466	52.551091
traj_pdb_0004.pdb 0	58.697818	56.104684	90.634084	45.604487	62.364688	24.889773	32.432719	29.827186	33.100028	46.731720
traj_pdb_0005.pdb 0	57.856700	56.447583	90.618575	43.153717	60.080058	30.892134	38.460217	33.975110	33.529252	48.187982
traj_pdb_0006.pdb 0	57.999681	54.069544	86.883701	49.921690	62.313934	29.914866	36.016322	30.932351	29.857469	47.592205
traj_pdb_0007.pdb 0	55.862926	49.907658	79.969553	48.043562	69.816779	28.847452	36.117785	31.739464	31.173013	46.815177
traj_pdb_0008.pdb 0	56.363926	43.286089	75.305707	44.035891	70.161659	26.408980	35.349976	33.246014	30.485901	44.789494
traj_pdb_0009.pdb 0	57.717376	40.757466	70.274720	36.311382	71.424952	23.605758	31.444709	29.236471	29.988675	43.252677
traj_pdb_0010.pdb 0	59.532373	37.282257	73.288874	47.960360	76.028421	27.186941	33.014430	32.577250	35.291236	44.178195
traj_pdb_0011.pdb 0	58.106930	39.138728	73.204201	48.265863	76.735100	22.690089	31.120678	31.936884	32.737452	46.824306
traj_pdb_0012.pdb 0	58.682725	38.697904	64.279379	45.169975	78.032442	20.635059	27.604009	29.520274	35.113644	47.825606
traj_pdb_0013.pdb 0	64.552086	40.280154	56.529619	51.658138	74.805641	18.672271	16.367689	17.761582	24.935631	39.394725
traj_pdb_0014.pdb 0	63.764342	40.103966	52.630560	56.948630	68.097040	23.069124	14.540248	19.592381	27.429123	24.312333
traj_pdb_0015.pdb 0	63.431790	40.728452	60.537871	47.457676	74.527193	26.637082	30.260049	31.893483	42.811461	44.020769
traj_pdb_0016.pdb 0	61.732713	40.609384	59.222010	56.699234	67.307158	21.773018	21.903935	21.159323	30.769711	35.656068
traj_pdb_0017.pdb 0	61.651189	43.535887	60.578675	59.716774	68.875391	15.610736	19.429454	21.243838	28.894077	37.975970
traj_pdb_0018.pdb 0	61.960680	42.329279	61.692751	54.757913	66.553233	22.543788	22.350427	25.224442	33.026320	38.828213
traj_pdb_0019.pdb 0	57.569479	41.790411	55.521194	59.510630	71.501630	17.258309	20.349059	25.077120	33.423683	37.574203
traj_pdb_0020.pdb 0	57.756126	46.099775	52.189397	55.318588	72.838866	23.131601	20.955847	25.949600	36.445657	31.991255
traj_pdb_0021.pdb 0	56.798418	44.200505	44.374507	58.252936	72.586468	24.146706	17.380862	23.363652	31.799082	26.033223
traj_pdb_0022.pdb 0	60.662957	47.392471	47.598467	53.566277	67.816236	26.512497	19.074994	26.060249	33.428081	23.040271
traj_pdb_0023.pdb 0	58.564426	48.101062	48.683869	54.411875	73.572337	25.014906	19.794447	25.086707	33.737783	29.183905
traj_pdb_0024.pdb 0	58.372634	45.001297	48.453989	55.012274	70.408887	27.018019	21.045223	25.792511	33.447926	24.344436
traj_pdb_0025.pdb 0	54.205823	46.914050	52.464819	58.668774	70.584206	21.302058	17.492819	22.806557	30.377725	23.508512
traj_pdb_0026.pdb 0	56.883872	45.094913	52.469802	60.058085	68.722122	29.490308	17.132232	22.346027	28.271040	16.966704
traj_pdb_0027.pdb 0	55.567055	46.630989	51.557940	59.014341	68.519639	31.716275	20.814026	26.010850	32.366208	20.462287
traj_pdb_0028.pdb 0	54.380079	50.313556	53.322152	60.787398	69.842951	29.512009	21.634057	28.145517	34.508562	17.185486
traj_pdb_0029.pdb 0	52.791969	47.793773	51.697054	56.792258	68.139967	31.044563	19.194693	25.083656	32.121198	19.198156
traj_pdb_0030.pdb 0	56.582618	45.873284	48.097199	58.015008	66.335499	31.117563	20.885492	26.481280	32.234568	16.005341
traj_pdb_0031.pdb 0	58.451743	50.131541	51.594036	59.144370	70.893669	29.455688	19.254931	24.415630	32.900593	20.758711
traj_pdb_0032.pdb 0	56.925175	47.642512	53.929271	61.305526	73.653101	24.541861	19.145797	24.821745	33.267724	22.300888
traj_pdb_0033.pdb 0	55.628302	46.206337	53.623026	59.947059	74.298441	23.185664	17.517758	25.144474	34.834586	26.646198
traj_pdb_0034.pdb 0	52.474266	46.932840	54.859801	64.814251	74.473794	20.031205	15.787712	21.296156	29.057328	19.433528
traj_pdb_0035.pdb 0	60.267697	48.655724	52.325947	66.308059	75.182381	27.846377	22.200569	27.481675	34.180853	15.408379
traj_pdb_0036.pdb 0	57.595570	50.118870	52.458982	63.325552	73.570958	29.162770	22.156235	24.762789	33.454951	17.816124
traj_pdb_0037.pdb 0	57.707375	49.448644	54.215205	66.097091	76.476229	26.974259	19.992967	25.995984	33.149248	17.601641
traj_pdb_0038.pdb 0	58.133277	53.573555	56.083416	65.815382	77.074766	32.313882	24.113699	30.034295	35.617012	17.883374
traj_pdb_0039.pdb 0	58.808731	55.544515	58.500619	64.005395	76.169852	25.268362	17.647847	24.158857	32.735324	20.800987
traj_pdb_0040.pdb 0	60.087118	55.935938	56.195246	63.026620	74.022189	28.790049	21.480859	27.395038	34.308758	16.705641
traj_pdb_0041.pdb 0	60.319501	47.545675	54.725188	63.115096	74.271719	27.327852	16.048708	22.951394	33.417364	20.561240
traj_pdb_0042.pdb 0	58.646002	45.445723	54.153429	60.957525	68.719128	20.606586	12.896717	20.538844	32.165308	21.985123
traj_pdb_0043.pdb 0	58.612434	41.025534	54.034558	58.760037	65.944071	16.624867	10.746783	17.531987	28.745141	21.748912
traj_pdb_0044.pdb 0	60.026989	45.359384	59.019448	57.745743	67.871825	19.143021	12.065042	17.666381	31.471328	23.172847
traj_pdb_0045.pdb 0	59.627158	43.809759	56.469497	59.305022	67.547083	20.084707	13.476146	20.034986	31.563221	22.485743
traj_pdb_0046.pdb 0	57.758174	38.291710	54.115202	54.142195	61.742246	21.651432	12.727639	19.744409	30.320220	25.199352
traj_pdb_0047.pdb 0	57.372600	38.941350	54.533453	50.965690	58.246697	17.053688	10.828773	17.696584	27.969100	26.390926
traj_pdb_0048.pdb 0	57.416632	36.669899	55.726792	56.717286	61.709014	11.968586	11.514797	16.788881	23.603488	24.947191
traj_pdb_0049.pdb 0	57.222909	34.775688	55.281045	50.517967	62.321883	18.044551	17.250496	25.156885	22.775522	32.245006
traj_pdb_0050.pdb 0	59.287567	37.823954	54.817111	53.525913	67.290612	20.026044	17.899236	26.535047	27.848547	29.193381
traj_pdb_0051.pdb 0	58.148238	39.681072	57.160930	53.435101	67.543497	12.326354	16.314837	23.604299	23.670037	29.639480
traj_pdb_0052.pdb 0	58.988104	37.694284	55.976190	52.196092	65.327812	11.896957	15.415395	21.557596	20.724474	29.688446
traj_pdb_0053.pdb 0	58.826538	42.540798	51.316435	48.118576	65.211574	10.048496	12.256747	19.047965	22.694434	28.260371
traj_pdb_0054.pdb 0	59.249288	43.079396	51.264779	49.379432	65.683380	19.233967	17.803147	16.816393	24.343440	26.370843
traj_pdb_0055.pdb 0	58.505241	47.209075	55.903050	51.531642	63.936017	14.533896	10.068720	16.123197	21.908023	24.967887
traj_pdb_0056.pdb 0	58.410776	41.299206	54.126569	44.236563	63.850666	9.958737	10.549668	16.143875	20.280451	30.720858
traj_pdb_0057.pdb 0	60.548653	43.131099	52.534464	45.007213	63.187377	16.594400	13.125426	12.319711	19.290480	25.517479
traj_pdb_0058.pdb 0	60.855095	43.844239	53.900531	46.115778	64.154183	16.795997	10.997153	12.330962	17.684823	28.885001
traj_pdb_0059.pdb 0	62.158661	37.757379	52.610113	45.793838	61.161488	12.088973	10.585977	11.275576	15.929275	27.833663
traj_pdb_0060.pdb 0	62.639356	38.211831	52.354987	49.134088	58.545288	13.954122	9.557178	9.206216	14.666551	25.176878
traj_pdb_0061.pdb 0	61.150381	41.254120	58.299168	53.664647	60.531662	10.822812	10.156417	12.389976	14.562392	28.979575
traj_pdb_0062.pdb 0	62.778429	42.016732	60.344863	50.046301	61.363071	5.686080	11.580018	17.328680	16.952513	33.747594
traj_pdb_0063.pdb 0	60.415131	42.052643	57.820709	52.874829	63.673016	5.518462	9.010349	15.519559	16.481257	27.014071
traj_pdb_0064.pdb 0	60.404087	42.655516	62.431848	42.248626	65.039679	17.290679	19.168106	27.210952	24.888362	40.265989
traj_pdb_0065.pdb 0	63.057883	41.670727	60.580727	38.889972	60.840849	21.667158	23.673724	31.082159	27.111184	38.744892
traj_pdb_0066.pdb 0	62.218053	39.825422	57.157412	46.229910	60.466880	17.855931	16.475322	24.361641	20.335171	30.737333
traj_pdb_0067.pdb 0	64.927015	40.444590	56.403568	47.781049	55.284644	14.473361	13.283985	21.107054	18.125691	31.537670
traj_pdb_0068.pdb 0	64.061528	43.931892	60.048503	49.450254	56.167920	15.916471	17.226640	21.437539	18.410218	31.523938
traj_pdb_0069.pdb 0	64.603593	42.023595	58.679814	44.287023	57.736661	12.451556	10.199009	19.218230	18.165626	32.010024
traj_pdb_0070.pdb 0	62.688424	42.086585	60.891878	36.256910	56.772939	26.284263	22.335495	28.145384	14.521765	31.044898
traj_pdb_0071.pdb 0	64.655578	39.707887	58.099674	39.056409	53.712746	21.361672	17.880406	24.364903	16.088361	29.695499
traj_pdb_0072.pdb 0	66.238110	41.288356	55.976624	44.266690	55.307159	21.437391	14.937055	22.698634	17.690768	26.528295
traj_pdb_0073.pdb 0	65.161918	40.478191	58.782160	45.059444	52.886392	21.476192	20.913034	25.564081	14.922395	29.265400
traj_pdb_0074.pdb 0	65.554452	41.332254	56.699892	44.617640	50.433544	22.195524	19.898582	24.807103	16.146871	27.615968
traj_pdb_0075.pdb 0	65.372366	39.594664	57.105099	36.582923	50.192834	23.011929	22.559358	27.838973	17.577259	28.745222
traj_pdb_0076.pdb 0	64.602919	41.941794	52.371607	29.735911	50.717808	19.540404	16.687690	25.966687	22.375130	25.577856
traj_pdb_0077.pdb 0	63.916967	41.318563	58.128413	31.356874	47.255766	23.680650	22.084127	27.833348	21.025802	29.238857
traj_pdb_0078.pdb 0	66.371277	41.988748	57.861055	32.945490	52.533777	19.316569	17.079346	25.853842	20.641489	30.974187
traj_pdb_0079.pdb 0	65.246442	41.780168	56.599860	34.177136	52.194717	19.854272	17.964636	26.228882	25.345252	28.047231
traj_pdb_0080.pdb 0	65.479680	43.224639	56.450717	34.657489	51.974879	22.850250	19.747753	27.534522	24.239656	26.572867
traj_pdb_0081.pdb 0	65.656874	43.187821	55.142409	36.411635	51.732097	20.022973	17.166625	23.307533	20.410499	24.333537
traj_pdb_0082.pdb 0	65.323926	43.108401	56.138872	33.407470	48.155637	25.895025	20.361550	28.451490	24.011482	27.740646
traj_pdb_0083.pdb 0	64.310195	40.448622	56.735563	37.980771	45.931387	23.349122	21.543312	28.034492	20.632747	27.788701
traj_pdb_0084.pdb 0	63.522756	37.209573	54.081049	35.577100	43.634573	23.371259	19.636698	26.900436	18.863362	30.002582
traj_pdb_0085.pdb 0	65.551037	40.036614	60.267103	40.705220	46.570410	26.147975	26.410268	29.438922	23.156374	31.478222
traj_pdb_0086.pdb 0	65.953536	37.719594	57.636243	40.645275	52.352496	23.650857	25.125788	29.304406	23.072273	32.481232
traj_pdb_0087.pdb 0	66.133581	39.496860	56.883791	43.024765	42.429726	21.647103	16.273970	24.091821	25.602036	30.689251
traj_pdb_0088.pdb 0	63.676528	42.796349	52.628138	38.306303	59.120030	24.418636	16.468957	22.499307	29.767597	31.546529
traj_pdb_0089.pdb 0	63.220821	39.081541	52.044186	43.186521	53.320962	21.316043	17.434789	28.699731	31.239700	30.154065
traj_pdb_0090.pdb 0	62.311990	39.363892	55.795953	44.523285	50.193466	25.465093	21.155924	32.012166	39.460415	33.581555
traj_pdb_0091.pdb 0	62.177215	43.365718	53.408007	41.268708	52.595213	23.098961	18.572892	29.389840	38.464728	30.785821
traj_pdb_0092.pdb 0	63.582077	45.015110	54.018713	42.797552	50.922114	31.195768	23.560235	30.375877	40.743618	25.456418
traj_pdb_0093.pdb 0	64.347571	42.784692	55.038785	44.012605	53.443738	26.931706	24.085211	27.359841	39.179241	26.797038
traj_pdb_0094.pdb 0	65.491201	43.562986	55.437913	43.591743	56.646731	24.187080	23.918302	28.409784	38.114624	27.036512
traj_pdb_0095.pdb 0	64.394197	40.134508	55.036094	47.394133	52.773213	25.209655	22.886715	31.625249	39.735002	23.548670
traj_pdb_0096.pdb 0	65.339395	37.017663	53.331884	44.885786	50.562527	22.641771	17.741492	27.619024	37.356783	22.841097
traj_pdb_0097.pdb 0	65.999296	37.265704	53.747925	42.618671	49.660867	15.955130	14.557127	18.092412	28.398425	21.448663
traj_pdb_0098.pdb 0	65.625307	39.123360	54.770150	47.521966	49.796915	16.693822	14.529909	18.903075	27.660212	22.559965
traj_pdb_0099.pdb 0	65.457756	43.242157	55.230903	48.410874	53.397660	20.292417	19.226875	21.572842	31.477145	21.233558
traj_pdb_0100.pdb 0	65.813924	44.338723	55.185008	45.892316	53.848790	19.602902	20.925121	20.224853	29.528598	21.482471
traj_pdb_0101.pdb 0	64.902841	39.142980	53.598530	39.401420	42.647957	17.487614	16.305907	18.820199	27.076995	23.269140
traj_pdb_0102.pdb 0	65.720499	40.863873	53.052490	36.953809	51.441438	18.852913	27.674000	17.553142	22.847809	22.486104
traj_pdb_0103.pdb 0	65.027177	41.841205	55.337411	43.170531	49.203427	18.674920	19.811561	17.152928	25.226102	19.582862
traj_pdb_0104.pdb 0	61.713662	39.506892	55.231529	43.068332	45.493320	19.274990	16.320069	22.921528	31.304317	22.607546
traj_pdb_0105.pdb 0	65.620680	41.522974	57.847844	42.573532	46.550406	24.372862	22.572405	26.754738	35.178232	25.357971
traj_pdb_0106.pdb 0	66.539138	38.233423	54.017664	41.659445	46.368181	14.602107	14.287360	17.646070	25.945028	20.753396
traj_pdb_0107.pdb 0	64.090894	40.465853	56.066539	37.625944	46.838429	13.530817	19.453102	18.493176	26.882460	23.733108
traj_pdb_0108.pdb 0	65.728451	41.991394	55.999659	40.613598	47.523813	14.357680	21.904829	18.877720	29.227145	24.869214
traj_pdb_0109.pdb 0	66.526316	40.802044	57.540303	42.604996	50.127278	16.059680	27.186793	18.639624	29.470200	25.498376
traj_pdb_0110.pdb 0	66.410949	41.315474	57.326502	39.412123	53.506755	13.442547	24.284116	18.483387	29.131476	24.579999
traj_pdb_0111.pdb 0	66.360365	41.977791	55.202628	40.933280	51.313747	14.926355	24.323870	19.803495	31.024907	23.575846
traj_pdb_0112.pdb 0	65.468092	42.023264	54.058535	41.650130	53.084963	19.148775	27.291479	22.347052	34.461680	25.158086
traj_pdb_0113.pdb 0	66.265050	41.833895	58.617566	40.337185	46.366814	12.943983	20.196800	20.439239	31.192576	27.597873
traj_pdb_0114.pdb 0	66.790888	40.792189	56.363138	41.663528	49.240944	12.047502	17.832574	21.342408	29.527288	25.831872
traj_pdb_0115.pdb 0	66.128318	41.996661	57.206975	42.747057	50.123908	11.267801	21.998711	20.613226	29.090188	26.637009
traj_pdb_0116.pdb 0	64.487463	38.979946	54.157958	41.111119	49.146113	16.131439	15.393502	24.656268	28.819885	27.259138
traj_pdb_0117.pdb 0	65.727014	41.249198	55.551748	39.623761	47.978180	10.799632	22.145134	18.748899	24.023754	27.103091
traj_pdb_0118.pdb 0	64.261232	42.767967	56.274344	42.972832	46.317966	9.218623	17.551902	18.908478	22.128040	24.589708
traj_pdb_0119.pdb 0	65.209637	41.306735	55.591735	43.416997	41.796026	9.610573	13.123761	17.527942	21.716473	23.715078
traj_pdb_0120.pdb 0	62.313599	41.162335	55.586024	44.024498	47.125809	9.602176	20.175472	18.004865	22.841047	26.358909
traj_pdb_0121.pdb 0	64.555965	41.955334	55.809939	42.885693	54.998965	16.837719	25.436116	25.851063	31.727267	30.148461
traj_pdb_0122.pdb 0	62.764245	41.698426	57.223505	46.088277	47.137380	14.981203	15.210365	27.065432	28.614309	32.069380
traj_pdb_0123.pdb 0	67.168024	41.501347	55.159552	42.600559	48.101307	18.835044	15.943795	27.240667	27.109550	30.056015
traj_pdb_0124.pdb 0	66.604500	38.886360	54.659344	40.990508	52.266242	13.840153	19.862817	23.037208	26.955393	29.248595
traj_pdb_0125.pdb 0	62.784057	40.504745	56.617855	40.925331	51.371227	15.283006	14.817191	24.200046	26.205030	30.576307
traj_pdb_0126.pdb 0	65.111984	41.026435	56.338787	42.275911	47.279228	14.785489	17.823805	24.680425	28.431981	31.221703
traj_pdb_0127.pdb 0	63.993765	43.120626	54.516278	42.743931	53.006503	16.729633	20.988403	23.860385	31.221510	26.525112
traj_pdb_0128.pdb 0	65.981355	41.966855	53.556249	40.369723	46.974934	14.957042	16.629885	23.906169	30.790515	28.279487
traj_pdb_0129.pdb 0	63.668623	43.371110	55.775972	38.526332	48.299482	11.977871	15.836962	19.575183	26.583219	28.385166
traj_pdb_0130.pdb 0	64.428912	41.372897	54.267305	40.317526	51.021426	13.945221	19.804762	21.965539	26.910971	26.781883
traj_pdb_0131.pdb 0	67.073378	39.992166	51.983500	37.024068	54.776230	16.229571	19.903306	24.553205	26.573296	28.391713
traj_pdb_0132.pdb 0	66.635652	40.361136	51.154644	40.395061	55.074743	16.305993	17.959945	23.332136	28.434147	24.951606
traj_pdb_0133.pdb 0	64.943458	42.331439	53.300371	40.720936	54.321634	20.457702	21.425103	30.025483	32.648593	28.417959
traj_pdb_0134.pdb 0	66.890958	41.703772	53.637360	39.059484	56.835879	20.963619	22.754491	30.970514	34.971489	32.358818
traj_pdb_0135.pdb 0	65.226972	41.703231	53.451648	42.268570	56.082732	23.228588	22.799689	30.638283	35.717095	31.912152
traj_pdb_0136.pdb 0	66.218546	41.696346	51.776481	39.446107	59.075037	25.058408	24.477038	32.171208	36.671158	36.517338
traj_pdb_0137.pdb 0	63.352320	41.361553	51.518941	41.157843	54.915513	23.493806	21.384492	32.258369	36.779454	37.003257
traj_pdb_0138.pdb 0	65.333274	41.466084	50.535196	38.706469	57.373271	22.136749	23.213237	27.297768	33.516033	33.235743
traj_pdb_0139.pdb 0	65.244825	40.832254	50.861346	41.375260	56.796520	23.151573	24.439094	28.788184	35.325820	32.600869
traj_pdb_0140.pdb 0	65.239746	41.017956	52.873482	41.444696	54.052524	20.566464	21.884243	27.709781	33.336547	33.948910
traj_pdb_0141.pdb 0	64.207332	42.761219	51.592237	40.554505	55.960338	21.101035	23.110983	24.736972	30.431679	29.907319
traj_pdb_0142.pdb 0	63.546848	42.292237	52.128626	42.028603	52.605572	17.841693	16.736354	22.743049	29.957205	28.089303
traj_pdb_0143.pdb 0	64.135365	41.116318	50.271213	38.806284	56.204486	19.073638	20.408460	25.684772	30.273477	32.764053
traj_pdb_0144.pdb 0	65.488974	40.463782	50.272786	39.007831	57.019549	19.284580	21.423011	25.094473	30.858433	32.118812
traj_pdb_0145.pdb 0	65.075539	40.556894	45.933894	38.767967	56.368955	21.164430	20.458705	24.651439	30.759841	29.561222
traj_pdb_0146.pdb 0	61.094458	41.524608	47.764009	41.493925	53.098945	18.551346	19.768972	24.872329	30.163474	29.549361
traj_pdb_0147.pdb 0	61.072334	41.170043	48.834771	41.682245	54.771677	18.957701	20.642193	26.992779	31.416620	31.065823
traj_pdb_0148.pdb 0	61.599270	41.212295	47.204051	41.726028	53.067614	17.347914	17.865786	23.464757	29.519992	29.862946
traj_pdb_0149.pdb 0	58.544342	41.503925	45.928975	41.788613	53.371579	20.716512	18.420533	28.987086	33.682136	36.370257
traj_pdb_0150.pdb 0	57.755439	41.617930	44.988403	39.746597	51.342285	19.936433	20.092734	27.091732	32.628235	34.974351
traj_pdb_0151.pdb 0	57.559224	41.436570	45.887587	39.958931	49.971541	18.075007	18.931341	26.440041	33.117273	33.701506
traj_pdb_0152.pdb 0	59.416988	43.007544	46.354708	41.753003	53.417822	19.696999	17.889434	27.616502	32.511865	31.519372
traj_pdb_0153.pdb 0	61.309000	41.900662	46.786100	41.923144	51.231266	16.917045	18.041310	24.042913	29.070792	30.363382
traj_pdb_0154.pdb 0	60.775658	41.489313	46.265975	41.582475	51.940350	20.105141	17.901918	27.268805	32.964133	32.255705
traj_pdb_0155.pdb 0	58.372994	41.683095	44.813703	41.148937	51.563392	19.429645	20.199087	24.408444	30.053519	29.445491
traj_pdb_0156.pdb 0	59.441366	43.802567	48.343219	39.399095	52.660153	20.068694	19.842484	25.775604	31.313460	34.579980
traj_pdb_0157.pdb 0	59.598434	42.953909	48.190451	37.297368	54.675900	20.011468	18.201136	26.711447	31.714951	34.736760
traj_pdb_0158.pdb 0	61.707117	41.648933	49.081376	39.133849	54.338794	20.613204	20.281684	25.505560	31.297778	31.362028
traj_pdb_0159.pdb 0	62.059916	40.711156	46.991158	38.534056	53.131811	20.559584	19.061708	25.004570	31.128432	31.234579
traj_pdb_0160.pdb 0	61.259638	41.395779	48.194947	39.017933	51.620803	17.471567	17.140308	23.186721	29.176467	31.813633
traj_pdb_0161.pdb 0	63.800920	42.008924	48.890097	39.112664	53.821860	19.696041	19.960124	23.624207	30.242921	30.939954
traj_pdb_0162.pdb 0	65.601079	41.847283	48.271840	38.245150	54.336945	18.120423	18.515757	25.943682	31.731181	35.006589
traj_pdb_0163.pdb 0	64.462890	41.711394	50.815038	39.104020	52.290003	19.566764	26.013754	20.318673	26.707945	29.614564
traj_pdb_0164.pdb 0	64.022641	43.484466	55.305051	35.998512	51.946714	15.566811	23.746167	17.729764	22.059244	34.197247
traj_pdb_0165.pdb 0	63.378585	43.681192	55.415569	36.815616	52.537828	17.453374	20.955310	16.781763	23.449017	32.420498
traj_pdb_0166.pdb 0	62.269917	44.066682	57.950063	37.113124	49.119563	12.900422	20.462464	16.489404	21.811230	33.946052
traj_pdb_0167.pdb 0	62.851791	44.860324	58.668546	38.320429	46.216999	8.272887	13.852225	17.168378	20.871595	35.635612
traj_pdb_0168.pdb 0	61.459596	43.337004	54.509980	39.338432	48.066046	10.635574	14.312546	17.226805	21.838017	34.070751
traj_pdb_0169.pdb 0	62.720449	43.009948	53.812086	38.608991	46.068039	8.913173	18.475445	15.354322	20.477477	37.807792
traj_pdb_0170.pdb 0	61.437281	43.442013	51.474542	37.816242	50.973301	14.120118	19.709757	19.160483	25.245508	35.061107
traj_pdb_0171.pdb 0	59.411881	43.543381	54.763935	38.082167	50.273474	12.656517	17.548872	19.360283	24.527380	36.590974
traj_pdb_0172.pdb 0	59.973358	44.895548	57.563109	37.287658	45.005444	9.584891	12.079061	18.679286	21.776636	38.597918
traj_pdb_0173.pdb 0	60.913662	46.968565	55.531744	37.618359	47.203237	11.896785	13.861793	19.138661	23.578392	38.616039
traj_pdb_0174.pdb 0	-nan	45.930195	55.497799	-nan	-nan	14.241131	14.237296	20.880432	26.572621	37.577163
traj_pdb_0175.pdb 0	61.767956	43.442227	56.509891	38.508329	45.565239	13.614200	13.291883	20.614490	25.874134	34.592800
traj_pdb_0176.pdb 0	64.503967	42.997280	53.806516	39.224392	51.263715	18.184277	22.087025	20.328296	28.214975	30.394551
traj_pdb_0177.pdb 0	64.626194	41.269826	53.830695	37.099133	50.733222	17.963420	23.265671	16.690319	24.364233	29.750432
traj_pdb_0178.pdb 0	64.652186	42.368077	54.518941	36.600506	46.857968	12.442224	14.827335	15.170214	20.657454	29.589618
traj_pdb_0179.pdb 0	65.479577	41.916724	51.499317	36.962749	54.651380	20.193883	24.905509	21.350476	28.294246	31.309865
traj_pdb_0180.pdb 0	66.105172	42.539811	53.517591	36.688141	52.520658	18.991502	18.111370	21.698541	27.450383	31.154243
traj_pdb_0181.pdb 0	65.731027	40.675772	54.164211	35.659899	50.597165	19.744526	24.158058	14.792915	20.154930	28.416193
traj_pdb_0182.pdb 0	66.271630	40.921493	52.606907	35.470495	50.631405	16.264785	19.893235	17.319136	24.460883	31.093393
traj_pdb_0183.pdb 0	65.258046	41.187002	51.432868	37.380007	51.876761	19.673968	21.260432	21.875535	30.187547	32.135375
traj_pdb_0184.pdb 0	65.944942	43.398341	51.121132	36.112030	54.649177	24.462591	27.107432	21.461415	28.105355	29.719076
traj_pdb_0185.pdb 0	65.306007	43.039193	54.024939	36.217439	54.849004	25.184517	29.720961	22.458541	31.566696	30.497680
traj_pdb_0186.pdb 0	64.685708	43.495909	55.636362	35.581391	54.510015	25.795361	27.258162	23.066521	30.301595	31.351429
traj_pdb_0187.pdb 0	65.223009	43.780582	55.744391	35.971981	53.092879	20.235845	24.507479	20.918041	30.761809	33.265900
traj_pdb_0188.pdb 0	65.055484	43.953929	54.316555	36.581572	53.940044	23.363357	27.163356	20.279171	27.423783	31.133071
traj_pdb_0189.pdb 0	66.225588	45.319081	54.974645	36.014891	51.825009	21.654400	21.163657	21.105477	28.912379	30.830538
traj_pdb_0190.pdb 0	65.174785	43.199947	54.677763	35.711976	52.308917	21.082767	24.931607	18.763549	24.939977	28.641018
traj_pdb_0191.pdb 0	64.897404	44.156571	52.840805	34.587942	53.715115	27.394603	27.840127	23.586456	29.437746	29.077550
traj_pdb_0192.pdb 0	66.524718	43.823935	51.809312	33.988931	51.914074	24.417115	29.392872	19.591150	24.144068	29.920292
traj_pdb_0193.pdb 0	67.029889	42.944680	53.453725	39.040648	52.670961	19.253615	24.457076	17.543356	24.218230	27.838158
traj_pdb_0194.pdb 0	66.466095	42.500407	52.392535	33.353928	50.256491	18.587493	22.608387	16.860607	22.813781	29.570525
traj_pdb_0195.pdb 0	66.155048	41.653418	54.422099	38.207058	50.979151	17.618430	20.451429	17.279133	25.499574	27.545516
traj_pdb_0196.pdb 0	66.388760	40.868097	52.855243	37.137688	52.831554	19.870225	22.566086	19.958415	27.625781	27.439699
traj_pdb_0197.pdb 0	66.060386	41.703369	53.308653	34.986209	54.658923	21.844650	25.254740	17.551146	22.272644	25.979443
traj_pdb_0198.pdb 0	65.504861	42.842776	50.867269	37.066068	57.125362	24.948203	26.173990	22.947807	28.067533	29.322697
traj_pdb_0199.pdb 0	65.132659	40.797080	51.247199	34.750998	49.798893	19.714868	21.055968	18.061640	24.688569	25.250447
traj_pdb_0200.pdb 0	64.249409	41.977012	54.779648	40.537436	54.050977	19.555324	20.000332	20.505509	28.643444	27.700128
traj_pdb_0201.pdb 0	65.842909	42.030169	55.197822	36.771985	49.252150	14.339639	17.131959	17.147891	25.240400	29.023929
traj_pdb_0202.pdb 0	64.697490	41.960925	52.806791	37.931519	51.286188	18.461630	20.138153	19.505602	27.214249	29.552637
traj_pdb_0203.pdb 0	64.069371	42.111214	54.150833	37.778864	53.271249	21.421664	24.437934	20.482856	27.948697	26.256014
traj_pdb_0204.pdb 0	63.065218	42.229623	53.427331	34.935267	52.648948	20.978588	25.659847	19.040248	25.192261	29.516889
traj_pdb_0205.pdb 0	63.270776	41.487660	51.821624	35.780286	56.377131	25.671305	28.976050	20.709779	25.356873	27.713049
traj_pdb_0206.pdb 0	64.561441	41.129568	52.678744	33.811499	50.801523	20.247206	24.828756	16.180369	22.636490	25.901689
traj_pdb_0207.pdb 0	64.274023	41.733816	52.977451	34.844441	50.870317	18.922630	22.763878	16.320105	22.670997	27.601645
traj_pdb_0208.pdb 0	64.036777	40.601376	56.322336	38.996080	52.069385	14.372583	16.283534	18.249838	25.683459	29.792902
traj_pdb_0209.pdb 0	63.706720	42.167727	52.350852	37.631866	53.824844	20.159891	23.613673	18.586632	27.195927	26.606910
traj_pdb_0210.pdb 0	63.836823	42.715435	53.422686	37.013408	47.505347	15.477333	14.550260	19.860743	26.133751	28.880200
traj_pdb_0211.pdb 0	62.513722	43.459695	58.121422	36.326678	48.623827	16.336969	13.933825	22.115090	29.686763	35.953327
traj_pdb_0212.pdb 0	62.286013	42.761369	59.478086	36.489985	50.999039	20.884755	16.018570	26.280301	33.767773	34.407425
traj_pdb_0213.pdb 0	64.263455	42.115080	57.559361	37.029685	48.114280	14.463656	13.961167	21.346266	29.040229	35.178627
traj_pdb_0214.pdb 0	62.731951	42.535461	59.025194	35.391384	52.528989	19.125820	17.680286	22.174749	29.672406	32.632786
traj_pdb_0215.pdb 0	64.757882	42.460043	57.623810	36.630570	51.339628	19.063321	18.378906	21.929074	29.942958	33.000115
traj_pdb_0216.pdb 0	64.365086	41.934362	56.279434	38.301853	56.075012	24.136182	22.046845	25.595854	34.253237	34.343197
traj_pdb_0217.pdb 0	63.241728	42.375044	57.659310	36.676747	53.420252	21.243384	21.040365	22.713885	31.220712	35.026626
traj_pdb_0218.pdb 0	62.383305	41.833406	56.429700	37.269733	56.096204	22.089222	22.147424	23.635218	31.418940	34.727002
traj_pdb_0219.pdb 0	64.014683	42.641491	57.964221	39.067651	50.221665	15.571119	15.554260	22.620972	29.526217	34.407209
traj_pdb_0220.pdb 0	64.604944	42.681046	58.161520	39.551112	48.525282	16.139765	14.062383	21.752897	28.200164	31.855212
traj_pdb_0221.pdb 0	63.717782	43.958649	60.025152	36.628343	50.913899	13.328773	13.998321	19.507347	26.477465	36.580860
traj_pdb_0222.pdb 0	63.065816	42.630681	56.387495	39.409981	49.251921	13.791374	15.932202	18.339577	25.989513	32.411406
traj_pdb_0223.pdb 0	63.465195	42.224557	54.714779	39.406868	54.612037	18.555075	19.058584	20.160655	27.465954	29.394672
traj_pdb_0224.pdb 0	63.517714	40.911508	54.032871	40.068056	53.432526	19.777690	18.104814	24.436926	32.543646	29.596339
traj_pdb_0225.pdb 0	63.335513	41.031189	54.723915	37.041215	49.966948	15.365989	16.999144	18.544441	25.381797	29.828781
traj_pdb_0226.pdb 0	65.012535	41.529610	52.013773	38.420018	50.687477	17.084898	18.109140	18.093110	24.716555	28.610562
traj_pdb_0227.pdb 0	63.424440	42.379965	56.233327	40.192641	45.245934	13.850819	11.651719	20.430565	26.908377	31.054882
traj_pdb_0228.pdb 0	65.405311	43.165218	53.158821	38.187088	50.358522	16.430994	14.528070	20.107142	26.671567	29.247105
traj_pdb_0229.pdb 0	64.274874	41.685837	56.618673	36.949421	46.899787	16.747319	13.374270	22.313842	28.739508	28.420429
traj_pdb_0230.pdb 0	62.749938	42.609710	54.251981	39.362266	50.171817	18.408488	17.301154	21.402597	27.924761	30.101442
traj_pdb_0231.pdb 0	64.680139	42.039332	52.831500	38.206423	49.699343	13.722356	16.292963	17.521792	24.036599	28.974962
traj_pdb_0232.pdb 0	62.590096	42.678567	53.393129	40.921907	51.305357	17.077828	16.345999	24.033341	29.967970	29.848357
traj_pdb_0233.pdb 0	62.941409	43.496625	50.077180	39.763983	53.961897	18.846560	22.558758	21.439171	28.185703	26.133790
traj_pdb_0234.pdb 0	64.537028	42.013741	51.654371	39.813078	53.069141	20.988925	18.976322	26.070002	32.774616	30.257606
traj_pdb_0235.pdb 0	64.821728	42.154706	53.171902	39.100684	51.508346	17.520695	18.977910	20.551373	27.546991	29.765650
traj_pdb_0236.pdb 0	64.822792	42.954474	55.199892	39.752086	49.878701	13.962252	14.916049	17.827111	24.168539	30.527225
traj_pdb_0237.pdb 0	64.122415	42.186556	54.750990	38.675332	48.110347	16.261011	16.452492	17.707823	24.159307	29.680351
traj_pdb_0238.pdb 0	64.286659	43.288704	53.222450	37.671276	48.058653	19.990303	17.714731	24.653519	31.560869	27.771351
traj_pdb_0239.pdb 0	64.547231	43.138860	53.456418	38.779953	51.725978	18.869563	21.944714	19.164433	26.900761	29.837754
traj_pdb_0240.pdb 0	61.798163	43.609275	53.518737	36.775280	49.315481	19.084578	17.025800	24.159701	30.349553	32.612040
traj_pdb_0241.pdb 0	62.850473	43.732890	52.997501	38.228011	50.696274	22.352929	22.815431	22.521300	29.458994	31.022805
traj_pdb_0242.pdb 0	59.389870	42.936358	53.540981	40.588511	51.387922	18.801208	19.400357	21.805998	28.218090	31.982949
traj_pdb_0243.pdb 0	60.502843	43.227013	51.364400	39.960112	51.994459	22.456817	21.563030	25.325247	31.532595	31.433866
traj_pdb_0244.pdb 0	61.953379	42.520761	50.659877	38.501483	51.579058	22.671355	24.323194	22.209578	30.264872	29.707914
traj_pdb_0245.pdb 0	61.712188	44.237313	50.997552	41.861422	53.336361	21.194844	20.709232	22.891122	29.748527	27.851695
traj_pdb_0246.pdb 0	60.696059	42.846364	49.881174	40.629860	51.662723	19.201615	19.397131	23.435555	29.976574	29.764396
traj_pdb_0247.pdb 0	62.407385	41.673898	50.710973	40.089386	51.232458	18.883535	18.982741	23.544784	30.677904	31.530857
traj_pdb_0248.pdb 0	60.402866	42.464903	52.577816	41.045761	50.299283	17.661041	16.222821	24.203678	29.310148	32.647046
traj_pdb_0249.pdb 0	61.487282	42.116436	51.619361	41.532863	51.676569	18.324533	18.131154	21.438927	27.777036	30.854259
traj_pdb_0250.pdb 0	59.310911	43.392438	48.920198	41.757631	49.892329	18.410608	20.222133	21.409494	29.250785	27.141454
traj_pdb_0251.pdb 0	62.430141	43.132460	48.879479	39.142579	52.113166	20.240418	20.643764	21.291657	29.099827	27.075023
traj_pdb_0252.pdb 0	60.582857	44.284665	51.608657	39.002206	52.710324	19.283179	18.573289	25.403433	32.107741	32.786206
traj_pdb_0253.pdb 0	60.024715	42.925145	51.367941	41.444750	49.311326	15.890613	17.853522	20.401812	27.368248	29.006661
traj_pdb_0254.pdb 0	61.105416	43.120971	51.089541	40.679002	52.067509	19.976971	19.466183	23.698783	31.655578	30.430321
traj_pdb_0255.pdb 0	59.415956	42.571201	49.273138	41.619525	49.800521	20.242541	17.638125	22.077632	29.975268	27.851327
traj_pdb_0256.pdb 0	60.467783	42.981773	47.490510	40.800699	51.432124	20.813472	18.724060	23.289816	31.062760	30.456540
traj_pdb_0257.pdb 0	59.141788	44.073690	48.781918	41.877247	49.787483	19.263432	18.723479	22.803181	29.460867	28.708838
traj_pdb_0258.pdb 0	60.220794	42.419691	51.470947	43.089098	45.101920	15.971853	14.065062	21.754984	29.024021	28.696264
traj_pdb_0259.pdb 0	59.153193	44.793630	50.356503	41.564925	48.619719	19.258063	17.693584	22.438887	29.564791	30.257872
traj_pdb_0260.pdb 0	61.211478	44.945008	49.271328	40.353588	49.922165	19.111603	17.768593	24.525029	31.041851	31.447311
traj_pdb_0261.pdb 0	61.211968	43.850093	51.522735	40.755660	47.503914	17.040958	15.973373	21.005935	27.770553	31.192294
traj_pdb_0262.pdb 0	62.418954	42.098717	51.890492	39.488888	48.502042	16.614753	14.886009	20.322853	27.194257	31.124897
traj_pdb_0263.pdb 0	61.864763	43.441390	52.973934	39.931797	48.641530	18.296149	15.049468	21.783505	29.688367	31.546497
traj_pdb_0264.pdb 0	61.340919	42.802908	49.490302	41.472430	49.923244	19.581145	16.537860	20.936333	28.870838	30.011004
traj_pdb_0265.pdb 0	62.182468	42.862034	51.403243	40.814729	48.526977	18.386946	15.466078	18.826140	26.417540	28.804811
traj_pdb_0266.pdb 0	62.256047	42.570423	50.034457	40.931765	49.102813	17.767336	16.346287	20.868733	27.835540	30.665620
traj_pdb_0267.pdb 0	60.592668	44.332713	49.838247	40.204634	49.686548	21.996143	18.942043	24.189701	30.760723	30.352730
traj_pdb_0268.pdb 0	59.460552	44.546880	49.856789	39.764652	48.922796	17.467640	16.825907	19.936264	25.663382	30.724054
traj_pdb_0269.pdb 0	58.692376	44.907416	49.705038	40.033719	49.532104	18.369426	17.307299	22.619644	28.518869	32.302166
traj_pdb_0270.pdb 0	56.663740	44.341594	49.167813	40.179740	47.472189	18.751717	16.388331	22.006458	28.422311	31.077699
traj_pdb_0271.pdb 0	56.776394	44.705617	49.836230	40.235766	48.723613	17.656905	16.375469	22.530224	28.950402	32.146137
traj_pdb_0272.pdb 0	57.626404	43.699356	50.233950	40.599150	49.872390	16.823934	16.161126	22.674918	28.417067	31.194368
traj_pdb_0273.pdb 0	59.263279	43.743408	51.969091	40.015463	50.669025	17.219002	14.111117	22.289182	28.383194	31.906903
traj_pdb_0274.pdb 0	58.641158	44.644193	47.206726	39.778304	51.014820	19.541112	17.443088	22.105488	27.878642	29.475351
traj_pdb_0275.pdb 0	57.195304	44.512463	47.766150	39.386511	52.184657	18.290459	17.047168	24.362054	30.225402	31.420896
traj_pdb_0276.pdb 0	56.701253	44.939467	50.257006	39.164931	52.472871	15.236059	13.760405	21.077125	26.719976	32.028291
traj_pdb_0277.pdb 0	58.459966	43.483103	48.516494	39.685923	52.001794	20.629011	19.978646	24.126312	30.138550	31.610871
traj_pdb_0278.pdb 0	56.709423	45.627622	47.834871	38.818529	52.888119	21.629007	18.842428	24.515197	31.765981	33.327174
traj_pdb_0279.pdb 0	58.403476	45.106690	48.633405	38.764335	53.204394	18.853653	18.012877	21.312767	27.617820	32.600963
traj_pdb_0280.pdb 0	57.915479	44.545138	46.880919	41.013435	54.174476	20.162175	18.267780	22.852023	28.999470	28.547907
traj_pdb_0281.pdb 0	58.399885	43.888168	46.602729	43.861186	55.869661	21.335802	19.881977	22.818623	28.448463	26.889864
traj_pdb_0282.pdb 0	55.045247	43.675982	48.354224	42.359885	53.554244	19.721306	17.439111	22.033763	29.190316	28.982415
traj_pdb_0283.pdb 0	55.692711	44.567492	47.847416	42.995155	55.578717	22.030737	19.885360	24.437167	31.450420	29.023796
traj_pdb_0284.pdb 0	54.662841	44.529782	44.735002	42.590785	54.765493	25.242399	20.912205	25.515216	31.512239	27.131630
traj_pdb_0285.pdb 0	54.857878	43.857270	47.589189	42.315209	55.001149	23.048155	20.313124	25.156782	32.025947	28.915030
traj_pdb_0286.pdb 0	55.017189	44.925489	46.001764	41.367040	55.482019	24.024858	21.278529	25.569503	30.256853	27.601737
traj_pdb_0287.pdb 0	55.106815	43.559337	45.200710	44.750718	56.092090	23.041826	20.950209	26.114547	31.085362	27.660174
traj_pdb_0288.pdb 0	55.622933	42.799748	46.076974	42.364779	54.981353	22.430143	20.455069	23.982714	30.661488	30.347684
traj_pdb_0289.pdb 0	54.111500	43.653055	46.109119	42.428971	52.628396	21.346209	18.970883	23.459209	29.677424	28.942537
traj_pdb_0290.pdb 0	53.472878	43.769055	49.195478	42.434530	52.842913	18.984789	17.172226	21.957222	27.069980	30.274600
traj_pdb_0291.pdb 0	53.444799	44.536195	49.496161	40.836922	51.379989	20.324764	17.620064	22.621723	28.829476	30.025962
traj_pdb_0292.pdb 0	54.049523	44.278766	47.728978	42.767399	53.318975	22.042541	18.788324	24.549726	30.244192	29.052791
traj_pdb_0293.pdb 0	52.109921	43.762564	46.392081	42.925163	52.902041	22.372054	18.990951	24.281621	30.498956	28.310444
traj_pdb_0294.pdb 0	53.266082	44.056624	47.024540	43.616240	55.145669	23.009883	20.357435	25.374517	31.356049	28.213689
traj_pdb_0295.pdb 0	52.806300	44.357432	44.285882	40.717576	54.598788	24.526947	22.527468	27.377205	33.239405	30.851804
traj_pdb_0296.pdb 0	54.450993	43.159345	45.246593	40.775952	53.657160	22.733161	20.927024	24.420796	29.919368	31.262505
traj_pdb_0297.pdb 0	55.904937	43.010429	46.304873	40.702465	54.449986	21.717785	21.106091	24.448315	30.243700	31.689859
traj_pdb_0298.pdb 0	55.170395	43.833257	47.965819	41.170529	54.025068	23.234711	21.945774	24.115743	29.992424	27.383943
traj_pdb_0299.pdb 0	57.728474	42.828018	46.394858	39.337962	53.866416	25.057995	19.735947	23.375521	29.099680	26.938523
traj_pdb_0300.pdb 0	55.913709	43.514530	47.461324	41.799438	53.697448	24.141110	18.492238	22.861628	28.983318	27.332038
traj_pdb_0301.pdb 0	57.076803	44.367169	49.836246	41.023461	52.125797	22.448695	17.945949	22.097511	28.962839	28.835223
traj_pdb_0302.pdb 0	58.278542	43.643051	48.506275	40.321300	51.978771	23.205451	16.636261	21.989042	26.289239	29.774097
traj_pdb_0303.pdb 0	59.746577	44.435010	50.031504	41.191283	54.727999	19.024320	18.225082	21.119468	25.769323	29.296438
traj_pdb_0304.pdb 0	59.269160	44.186938	51.981554	42.411597	53.435491	15.817910	15.288802	20.317698	25.591330	29.408787
traj_pdb_0305.pdb 0	59.907599	45.292917	53.174011	39.980157	53.331860	17.780870	17.088881	21.683951	27.287733	30.703143
traj_pdb_0306.pdb 0	58.829228	44.738603	52.310865	41.715152	54.114399	21.175387	19.398900	23.406250	29.072283	28.693921
traj_pdb_0307.pdb 0	57.523526	44.367239	49.259979	40.335060	53.827994	21.360322	19.476221	24.517804	29.994672	30.275004
traj_pdb_0308.pdb 0	58.635804	44.196405	49.474513	40.504673	53.028007	23.612961	18.880062	23.236849	29.106509	27.078545
traj_pdb_0309.pdb 0	55.014406	43.643139	48.897846	40.109974	52.980631	22.168744	19.072004	26.464918	31.744012	30.553050
traj_pdb_0310.pdb 0	56.916215	44.343720	51.555914	40.913422	52.759042	23.789001	18.819297	24.627681	30.272792	31.186912
traj_pdb_0311.pdb 0	57.475215	44.457235	49.695526	41.223355	53.560517	24.705399	19.697332	25.488260	30.326389	29.877136
traj_pdb_0312.pdb 0	55.895863	46.391154	50.318906	39.449809	51.681185	23.600841	19.268480	23.919318	29.408811	29.756196
traj_pdb_0313.pdb 0	57.237514	43.509719	48.953443	40.592980	53.485386	25.252335	19.914207	25.047284	31.097754	30.021937
traj_pdb_0314.pdb 0	57.567132	44.248999	48.218803	40.285146	53.409116	23.145089	20.690334	26.425573	31.519314	30.621128
traj_pdb_0315.pdb 0	55.813989	45.304725	51.811843	40.276557	54.986276	23.993436	19.862993	26.651102	31.694853	33.981522
traj_pdb_0316.pdb 0	57.270134	45.338696	51.465373	41.622955	53.740447	20.243459	18.232985	23.846856	29.638017	30.172267
traj_pdb_0317.pdb 0	56.374193	44.794486	50.186967	40.964975	52.374113	19.849231	18.155102	23.529307	29.308785	28.060741
traj_pdb_0318.pdb 0	57.111621	45.375508	50.466914	39.252467	52.432973	21.406813	19.020315	24.322082	30.516414	28.796581
traj_pdb_0319.pdb 0	56.549357	46.451374	50.925614	40.294946	50.815444	20.717174	17.730981	23.637285	29.589383	28.912102
traj_pdb_0320.pdb 0	54.771524	45.872142	49.092704	40.677817	52.819771	23.362138	20.008600	25.521384	31.540822	27.800528
traj_pdb_0321.pdb 0	54.591223	45.276838	50.517236	41.549824	52.289849	24.321280	20.524261	25.138054	30.881810	26.824824
traj_pdb_0322.pdb 0	58.088262	45.655727	51.148732	40.972138	53.586758	21.132209	17.789834	22.507081	28.041942	27.075434
traj_pdb_0323.pdb 0	57.102472	45.122100	50.971264	39.548529	53.451891	20.366919	18.211714	23.863565	29.631588	29.416750
traj_pdb_0324.pdb 0	-nan	45.953872	51.848213	-nan	-nan	20.439534	17.892158	21.567277	26.928448	27.080185
traj_pdb_0325.pdb 0	54.594218	44.570680	49.854168	40.462470	55.428786	23.685725	21.033751	25.446234	31.020861	30.909292
traj_pdb_0326.pdb 0	58.154965	44.110054	50.463184	40.274112	52.612995	22.482489	18.951992	23.586755	29.677369	29.879322
traj_pdb_0327.pdb 0	58.806376	44.569010	51.339483	39.224148	53.121370	20.515715	17.338802	21.819756	27.436098	30.667371
traj_pdb_0328.pdb 0	56.839780	44.886135	51.107551	40.746219	53.346760	19.859589	17.718986	22.920715	28.709961	29.529299
traj_pdb_0329.pdb 0	58.307133	45.069064	48.870538	39.199363	52.259852	19.452071	17.343135	22.928942	28.501357	30.442666
traj_pdb_0330.pdb 0	57.794492	44.962154	50.090436	40.349916	53.451868	18.422693	16.686051	23.507897	29.278328	30.024556
traj_pdb_0331.pdb 0	55.332397	45.853152	50.217733	42.513992	53.427217	18.597954	15.666879	21.608799	28.629927	27.323151
traj_pdb_0332.pdb 0	54.366786	45.821069	47.145070	40.159713	54.766633	22.216548	19.307018	25.119591	30.911706	31.086809
traj_pdb_0333.pdb 0	57.404582	45.319078	48.718477	38.591231	53.958600	22.743355	19.493273	22.277086	29.254099	29.625561
traj_pdb_0334.pdb 0	55.468209	45.564539	47.156547	40.311519	56.374667	24.044372	22.033955	27.907559	34.045876	33.799586
traj_pdb_0335.pdb 0	54.466730	46.934264	47.276086	40.088853	54.709080	23.233149	22.298635	25.536244	31.693252	30.940726
traj_pdb_0336.pdb 0	56.721919	44.192680	47.655274	39.190700	54.297560	20.447432	20.396239	22.762494	29.105058	29.632505
traj_pdb_0337.pdb 0	58.786878	44.053438	47.979158	39.753284	52.624229	20.531324	19.965077	21.381383	27.953754	30.128302
traj_pdb_0338.pdb 0	60.098846	44.795785	49.235844	40.008709	53.605231	20.047547	20.708066	22.330436	28.867211	30.477801
traj_pdb_0339.pdb 0	58.823030	44.520227	49.575015	39.775959	53.545097	19.823973	19.733164	20.043437	25.164010	31.320606
traj_pdb_0340.pdb 0	58.391488	44.103170	49.066931	40.719710	52.513655	19.233539	18.508258	22.177168	27.913626	33.470076
traj_pdb_0341.pdb 0	55.545817	45.699659	46.817584	38.712517	52.736608	20.086389	18.851079	22.651198	28.769768	32.913193
traj_pdb_0342.pdb 0	53.489438	44.252773	47.011180	41.735559	51.058925	18.965992	17.170633	22.355867	28.098603	30.340390
traj_pdb_0343.pdb 0	55.131786	44.408336	48.305919	41.036534	50.816516	17.143143	15.528755	21.050723	27.520044	30.690026
traj_pdb_0344.pdb 0	54.860195	44.375144	48.550318	40.607039	53.204115	18.434822	17.761860	22.206902	28.268852	32.018922
traj_pdb_0345.pdb 0	54.694620	43.994909	48.678709	40.930184	50.545739	17.316201	16.329704	21.968138	27.739086	32.098393
traj_pdb_0346.pdb 0	52.427553	46.564105	47.885266	40.683612	52.719772	20.595402	18.684149	23.762941	30.664865	33.283871
traj_pdb_0347.pdb 0	57.208466	44.805083	47.528464	40.760921	52.895413	19.822727	17.242198	22.176804	28.857206	31.719297
traj_pdb_0348.pdb 0	57.750820	44.036170	49.962222	41.830692	52.299440	18.256314	15.390363	21.771223	27.225389	31.356783
traj_pdb_0349.pdb 0	56.272630	45.550351	48.182282	41.216442	53.200732	23.145637	19.834359	24.694167	31.195049	29.744049
traj_pdb_0350.pdb 0	57.008983	45.053392	49.184180	40.207152	53.702400	20.276499	18.434856	23.497791	28.838425	31.535251
traj_pdb_0351.pdb 0	58.681557	46.185074	51.511396	40.397544	52.923477	20.344679	17.962488	23.227478	28.828267	29.038904
traj_pdb_0352.pdb 0	58.661666	45.614092	50.448024	39.823806	51.985734	20.039860	16.689508	21.715074	27.092700	27.996915
traj_pdb_0353.pdb 0	56.738743	45.012214	49.817320	39.875668	51.781578	20.789280	17.499904	22.676146	28.750550	30.590710
traj_pdb_0354.pdb 0	57.597153	45.554506	50.014903	40.242460	53.702407	20.500830	18.551443	24.706396	29.708115	31.420370
traj_pdb_0355.pdb 0	56.623288	47.522126	51.147098	38.203903	52.750808	21.960753	18.994131	25.372256	30.613572	31.444793
traj_pdb_0356.pdb 0	57.343144	47.380563	49.530447	39.445904	51.798892	19.864394	17.149609	23.707043	30.304122	32.126244
traj_pdb_0357.pdb 0	58.852369	47.205652	49.858633	41.019392	51.168342	18.578322	15.783456	22.099174	27.825568	31.052818
traj_pdb_0358.pdb 0	59.583238	47.205979	50.789030	38.679780	51.694002	18.367818	14.899909	24.276709	29.470891	33.572731
traj_pdb_0359.pdb 0	59.307320	47.957786	53.020237	40.003695	51.398803	18.970961	17.054586	21.447807	27.493269	29.447845
traj_pdb_0360.pdb 0	58.537184	46.436631	50.992917	40.464722	51.398266	20.972296	17.839414	23.296247	29.058417	30.263343
traj_pdb_0361.pdb 0	57.717864	47.141507	49.704010	40.703115	52.071876	20.437202	18.517710	24.519613	29.818034	31.123865
traj_pdb_0362.pdb 0	58.677099	46.557198	51.353827	40.889544	49.983439	16.796872	15.494543	21.325299	27.183816	31.557606
traj_pdb_0363.pdb 0	57.807756	45.925621	50.443567	40.728285	51.083023	18.895899	17.477085	22.996658	28.950864	32.132320
traj_pdb_0364.pdb 0	58.979628	47.282083	50.793742	40.902020	51.621567	19.167818	17.157430	22.297058	26.817199	30.077213
traj_pdb_0365.pdb 0	58.565613	47.427830	50.558527	39.501250	51.940277	20.857066	17.323402	23.844781	28.520943	29.178019
traj_pdb_0366.pdb 0	57.288889	48.942203	51.813070	39.367907	52.546453	18.370209	17.526167	23.287427	28.591483	31.327978
traj_pdb_0367.pdb 0	56.680261	48.370333	51.171968	39.267573	51.857169	19.543353	17.166001	21.868598	27.547623	29.826823
traj_pdb_0368.pdb 0	57.746293	48.623706	50.637990	39.536923	53.774798	20.801153	19.289882	22.859189	28.301540	30.574363
traj_pdb_0369.pdb 0	58.113436	51.442540	50.609571	40.104054	54.039617	21.358341	18.995325	24.268476	29.548350	28.078546
traj_pdb_0370.pdb 0	58.456929	49.405736	49.635269	38.976245	52.750376	22.452816	18.623006	24.153402	28.664330	27.365768
traj_pdb_0371.pdb 0	60.741922	48.625734	50.406160	39.505335	52.448561	19.768073	17.453459	21.764538	27.415669	30.570882
traj_pdb_0372.pdb 0	60.100872	47.572102	52.560299	40.583005	48.615369	14.914192	13.029599	17.652750	22.633435	30.363916
traj_pdb_0373.pdb 0	59.423748	46.091079	47.141827	40.944769	53.654597	23.781146	20.670650	24.985301	30.751005	30.021355
traj_pdb_0374.pdb 0	60.065313	44.770508	48.811576	41.608748	52.931079	21.041988	17.047831	21.613663	26.709756	29.429874
traj_pdb_0375.pdb 0	60.031582	47.065090	51.494280	41.425086	52.375019	21.480821	16.532424	21.997739	28.086440	28.089951
traj_pdb_0376.pdb 0	60.394890	47.863107	45.329083	40.559079	54.227331	25.790345	22.121309	26.781899	32.444042	26.034005
traj_pdb_0377.pdb 0	59.149284	47.449492	47.081443	39.011117	53.651816	23.957018	20.944959	25.413172	31.195166	27.435720
traj_pdb_0378.pdb 0	60.840943	48.977604	49.235242	37.960374	50.914781	22.542266	18.676880	22.094743	27.514881	25.124246
traj_pdb_0379.pdb 0	59.372151	48.151444	48.703609	38.067230	51.720742	23.792893	19.816242	22.093961	27.864839	25.081886
traj_pdb_0380.pdb 0	58.065708	49.190433	47.814974	36.276473	51.700930	24.423006	21.657709	23.674853	30.387562	26.605182
traj_pdb_0381.pdb 0	57.534174	48.483212	46.783076	37.320858	53.538641	24.432847	21.195310	25.838380	31.694819	27.923904
traj_pdb_0382.pdb 0	57.290822	48.391758	46.578824	37.332607	53.365299	23.836239	20.178589	25.623472	31.433216	28.384555
traj_pdb_0383.pdb 0	57.306390	48.398967	48.998884	35.564386	52.151982	22.184092	17.747850	24.011246	29.353451	26.797272
traj_pdb_0384.pdb 0	58.105938	49.099572	48.830879	35.684931	53.151209	25.884610	21.296135	25.632427	31.230266	27.018127
traj_pdb_0385.pdb 0	57.764899	48.269831	47.024955	37.098140	52.658559	26.356326	21.092988	26.209358	32.003125	26.045593
traj_pdb_0386.pdb 0	57.390175	47.150094	48.499037	38.124226	51.354028	24.903273	17.808188	22.403696	26.189743	25.596341
traj_pdb_0387.pdb 0	57.701350	48.398765	48.437601	37.524805	52.455349	20.446086	18.237427	22.412730	28.478091	28.068416
traj_pdb_0388.pdb 0	59.814362	47.322836	47.096993	36.292727	53.595586	22.041767	19.846076	23.321248	28.995948	27.564176
traj_pdb_0389.pdb 0	57.950610	50.590146	47.665096	35.928508	51.961434	22.889887	19.432638	23.951891	29.545036	25.940577
traj_pdb_0390.pdb 0	59.208984	49.014520	46.320169	36.775741	52.744658	20.804167	18.087137	24.022783	29.981070	29.398165
traj_pdb_0391.pdb 0	57.879079	48.929148	46.498078	36.554317	50.681238	20.020411	17.035694	21.930284	27.408531	27.367982
traj_pdb_0392.pdb 0	58.785058	47.775872	46.343650	37.668063	52.686950	22.178833	18.909825	23.172817	29.080146	28.210055
traj_pdb_0393.pdb 0	57.743810	50.194964	48.785655	34.883044	52.621117	23.236796	19.495777	24.058873	28.313156	28.430791
traj_pdb_0394.pdb 0	57.457344	48.534612	47.810727	37.666777	53.152160	22.572666	18.286736	24.838569	30.097829	29.118068
traj_pdb_0395.pdb 0	57.446680	48.221277	48.419887	38.526094	52.516252	22.166407	21.704638	23.222555	29.302120	25.492244
traj_pdb_0396.pdb 0	58.078314	47.735531	52.042225	39.198569	51.326247	16.425851	13.602847	19.146076	24.400476	27.167024
traj_pdb_0397.pdb 0	60.697041	45.426870	49.692736	37.516360	52.865064	16.385827	13.458218	20.818999	25.952093	30.133516
traj_pdb_0398.pdb 0	59.126466	47.870770	50.154991	36.862518	52.966285	17.375894	13.857775	19.995535	25.002986	29.392184
traj_pdb_0399.pdb 0	59.381273	46.473336	49.863210	37.926252	52.978403	17.172491	15.857055	20.614832	25.831803	30.290825
traj_pdb_0400.pdb 0	60.618385	47.072895	50.373739	37.752136	52.762120	16.777515	12.810467	21.281102	27.285744	29.873049
traj_pdb_0401.pdb 0	59.052730	46.685946	49.061549	38.420973	52.249421	21.287876	17.853734	23.625642	27.794477	28.032105
traj_pdb_0402.pdb 0	58.177234	47.128251	47.540291	38.903996	54.736847	24.324961	19.569261	27.524883	32.229311	30.427649
traj_pdb_0403.pdb 0	60.466541	46.728087	50.662491	38.880263	53.202138	21.114958	16.290589	22.471164	27.733266	28.767802
traj_pdb_0404.pdb 0	59.676823	46.978514	45.867645	37.781392	53.539499	23.260450	20.528314	24.810656	30.577645	27.702009
traj_pdb_0405.pdb 0	59.648149	46.723636	50.327481	38.248236	53.041767	20.610753	18.621516	23.729603	29.103497	29.364243
traj_pdb_0406.pdb 0	57.955113	47.372538	46.996380	38.048532	52.825505	24.218961	20.274323	25.732509	31.118942	26.525036
traj_pdb_0407.pdb 0	59.630395	46.962939	45.852434	36.713845	51.192445	20.704862	17.230224	22.617961	28.243590	27.213396
traj_pdb_0408.pdb 0	60.267581	46.763975	44.555544	36.244043	52.109242	20.409015	15.771945	23.138619	28.136811	28.708018
traj_pdb_0409.pdb 0	58.209097	46.768168	49.021117	39.419297	51.998434	19.260582	12.405881	23.367913	29.043691	29.751932
traj_pdb_0410.pdb 0	59.543224	45.564501	46.665249	38.726263	52.151612	20.717944	15.313591	22.239458	27.690996	27.266465
traj_pdb_0411.pdb 0	60.996160	45.819938	46.609711	38.007567	50.295515	21.202478	13.538873	20.353955	25.428682	23.889535
traj_pdb_0412.pdb 0	60.351914	46.787292	46.800830	37.190780	51.012091	20.987817	13.090539	21.701750	27.271933	26.382607
traj_pdb_0413.pdb 0	60.463710	48.756920	45.779978	37.414242	52.491063	20.907161	18.702217	23.405196	29.079527	27.372454
traj_pdb_0414.pdb 0	58.938771	46.251558	46.067742	38.509774	52.199811	21.864031	17.422492	23.099846	28.567602	25.540485
traj_pdb_0415.pdb 0	56.743515	47.882188	46.123961	39.573328	51.977555	22.887916	18.342817	23.654766	29.774199	24.645695
traj_pdb_0416.pdb 0	58.431247	47.427724	46.553042	38.370634	50.572439	21.518359	16.338158	22.923505	27.722960	24.531623
traj_pdb_0417.pdb 0	58.541641	46.531751	44.757123	39.179258	51.784523	22.518188	18.247931	22.926992	27.907285	25.320821
traj_pdb_0418.pdb 0	58.092602	46.561390	48.913113	38.868317	48.889651	16.938031	12.643053	18.593755	24.377265	24.040215
traj_pdb_0419.pdb 0	58.932120	45.558559	48.272036	41.084915	50.691148	17.501057	12.780500	19.070236	24.290789	23.087211
traj_pdb_0420.pdb 0	58.881625	46.189900	46.903440	41.605394	53.170230	19.373124	-nan	20.896851	26.324870	23.346605
traj_pdb_0421.pdb 0	58.340115	47.321626	48.000854	39.265899	52.731708	17.138734	16.314842	20.577283	26.511221	28.164138
traj_pdb_0422.pdb 0	60.239501	46.690029	48.332479	38.305538	51.192243	17.029201	-nan	17.942281	22.391109	25.281256
traj_pdb_0423.pdb 0	60.173921	48.476030	48.624446	35.863260	50.711428	19.549284	10.157389	21.924024	26.250400	26.757439
traj_pdb_0424.pdb 0	62.399502	48.295060	48.324265	35.660510	49.922468	17.139375	26.312641	19.177414	24.084812	27.456136
traj_pdb_0425.pdb 0	60.059652	46.528148	45.771609	37.890908	51.917659	19.562133	26.390118	23.386326	28.429862	26.858097
traj_pdb_0426.pdb 0	61.017305	46.724109	46.055708	39.461671	51.247595	19.579510	28.928978	22.733777	27.822726	24.454123
traj_pdb_0427.pdb 0	58.886939	46.874942	46.194844	39.256871	50.691099	19.740981	-nan	20.647362	26.492864	27.210190
traj_pdb_0428.pdb 0	61.745065	49.317466	46.391004	36.250406	50.490961	22.370383	12.089637	22.108051	26.615261	24.237687
traj_pdb_0429.pdb 0	59.811846	47.904677	46.946563	38.655384	52.215509	21.225606	13.393186	23.049186	28.069343	28.631595
traj_pdb_0430.pdb 0	60.308242	47.220186	47.831287	38.820522	50.194715	20.316663	-nan	19.990037	24.514182	24.252091
traj_pdb_0431.pdb 0	59.820893	48.290550	47.443825	39.130552	51.050599	20.382950	11.590716	21.826683	26.156279	26.608286
traj_pdb_0432.pdb 0	58.707293	44.884182	46.676565	40.629144	51.215751	20.500940	12.200408	21.027001	25.924494	24.316708
traj_pdb_0433.pdb 0	58.986946	45.371774	46.559854	42.422087	49.561778	18.552537	12.113987	20.309063	25.006961	24.143478
traj_pdb_0434.pdb 0	59.963004	46.157920	48.411519	38.783634	50.510205	15.608456	33.041574	18.069685	22.199743	27.611648
traj_pdb_0435.pdb 0	60.448290	47.475408	48.571225	40.398490	51.147768	16.906690	33.153904	21.416337	26.123442	28.470033
traj_pdb_0436.pdb 0	60.518671	47.287318	48.440362	39.210566	51.530415	18.410412	13.185608	20.416821	25.306273	25.747489
traj_pdb_0437.pdb 0	62.918443	45.928882	48.302434	37.775409	51.561851	18.799177	11.815832	19.728676	25.369433	27.032847
traj_pdb_0438.pdb 0	62.116782	47.063073	48.214136	38.179212	50.754167	18.964481	30.891139	19.939291	24.436765	26.580552
traj_pdb_0439.pdb 0	63.114890	46.188814	47.653631	37.123506	51.097687	18.584321	21.186535	20.922143	26.241944	28.094970
traj_pdb_0440.pdb 0	61.274949	47.986105	48.892666	39.212628	50.623922	18.312961	29.509452	19.440058	24.404276	26.592718
traj_pdb_0441.pdb 0	59.348871	46.692630	49.734674	39.270737	51.004692	20.515637	14.862249	21.223328	25.404676	25.294819
traj_pdb_0442.pdb 0	60.916782	46.654642	51.138880	38.340868	50.500893	18.227575	34.634907	18.440383	22.984159	24.417182
traj_pdb_0443.pdb 0	62.344484	49.090753	48.594542	33.607781	49.635801	19.840258	17.992640	19.741092	24.114091	26.808807
traj_pdb_0444.pdb 0	59.963209	49.558969	52.468887	38.097182	50.322035	17.805726	18.787238	18.730570	22.601660	25.431540
traj_pdb_0445.pdb 0	63.509273	48.420668	49.878799	35.343161	49.350108	19.904023	12.014121	19.849087	23.786302	25.249345
traj_pdb_0446.pdb 0	63.887487	49.345815	51.769468	36.591153	48.053987	17.684209	34.308452	17.706225	20.969948	24.339582
traj_pdb_0447.pdb 0	63.438072	48.019840	47.154849	36.155861	51.054302	21.091385	36.172825	22.675828	27.532772	26.144734
traj_pdb_0448.pdb 0	66.252367	48.139638	50.062351	35.555315	49.524594	18.417381	29.358151	19.917619	23.983550	26.231551
traj_pdb_0449.pdb 0	64.800553	48.057135	52.852487	37.693540	49.668177	15.904502	15.430451	17.972670	21.770277	27.814995
traj_pdb_0450.pdb 0	64.521912	46.956064	50.840100	37.369920	49.463521	15.892024	30.415566	18.561299	23.083013	26.743186
traj_pdb_0451.pdb 0	65.477168	49.321640	51.043471	34.941651	49.407893	15.648398	14.030618	18.289878	22.947571	27.091502
traj_pdb_0452.pdb 0	65.075723	46.987441	48.136864	35.459231	49.450399	18.392464	30.917029	19.783931	24.439978	26.295297
traj_pdb_0453.pdb 0	61.458556	46.987285	50.279217	36.704808	48.935852	17.223166	29.737736	18.693559	23.805708	25.002186
traj_pdb_0454.pdb 0	62.782910	48.265234	50.505759	36.657766	49.198086	17.329913	29.328774	18.421953	22.171187	25.847820
traj_pdb_0455.pdb 0	61.893910	49.121426	49.301117	36.748163	51.143592	18.603535	14.535554	20.608692	24.516701	26.860341
traj_pdb_0456.pdb 0	64.132455	48.810255	50.176974	36.728684	49.263368	17.185917	29.986760	17.543962	23.968341	25.949057
traj_pdb_0457.pdb 0	62.767498	47.307388	48.677831	38.683100	50.094649	17.872482	11.036843	19.711984	23.947455	23.796434
traj_pdb_0458.pdb 0	59.784147	48.656974	49.883238	37.783245	49.984274	17.161486	9.930797	19.207290	24.242534	27.199489
traj_pdb_0459.pdb 0	60.357673	47.817901	47.124302	37.765165	50.133680	18.800369	24.947724	19.608807	25.352082	26.174737
traj_pdb_0460.pdb 0	61.064312	48.113268	50.653657	37.305295	49.253805	16.679117	30.037286	17.992153	23.312276	26.493954
traj_pdb_0461.pdb 0	61.337636	49.922228	51.943720	36.009310	49.579554	15.554891	8.739083	18.395389	22.455562	28.163802
traj_pdb_0462.pdb 0	59.312029	50.688905	50.000589	34.818935	50.951586	15.584900	30.642565	19.264724	24.732760	32.904813
traj_pdb_0463.pdb 0	59.521313	47.622470	48.649313	37.278138	51.251417	16.410592	31.951586	18.871556	24.565058	27.919474
traj_pdb_0464.pdb 0	60.743223	48.829012	48.525342	35.413451	51.219467	15.861663	31.382782	20.111222	24.099025	29.665824
traj_pdb_0465.pdb 0	60.181760	48.704589	48.806359	37.156824	51.360502	14.840724	12.386661	20.204018	24.084490	29.053510
traj_pdb_0466.pdb 0	61.353405	47.660256	52.396357	38.505231	51.691084	14.625348	24.417552	19.764300	23.228147	32.149765
traj_pdb_0467.pdb 0	59.318200	49.071031	50.199407	37.570785	50.558949	15.043230	9.224728	17.875261	22.890630	28.754959
traj_pdb_0468.pdb 0	59.132670	47.491806	49.586177	39.454465	50.813255	15.167044	14.208691	18.381075	22.497953	28.409812
traj_pdb_0469.pdb 0	58.763970	48.142464	48.896108	39.584943	51.828294	18.297275	17.066465	20.871567	25.879617	26.372591
traj_pdb_0470.pdb 0	61.104410	47.653487	49.426241	37.926706	50.565745	16.531675	13.343914	19.336615	24.241073	27.859607
traj_pdb_0471.pdb 0	60.538808	47.360492	51.923244	38.040879	48.533541	14.185933	15.131159	16.080865	21.224377	26.751193
traj_pdb_0472.pdb 0	60.980167	47.013345	51.598498	38.221010	48.352174	15.736689	15.508267	15.478702	19.700642	26.633891
traj_pdb_0473.pdb 0	59.170103	47.092249	49.664175	38.288419	50.056786	17.442602	13.087179	18.839269	22.975853	26.860128
traj_pdb_0474.pdb 0	60.828020	45.762333	50.428476	39.469910	49.902393	18.245001	16.152299	17.949338	22.961344	24.167389
traj_pdb_0475.pdb 0	62.047391	45.803647	48.523587	37.620408	49.463691	17.833698	15.589080	18.039954	22.450672	24.486357
traj_pdb_0476.pdb 0	60.670370	46.353169	50.578392	39.594110	50.424872	14.443332	15.117308	17.561790	22.557838	27.562174
traj_pdb_0477.pdb 0	59.904458	47.618952	50.524561	38.430185	49.644144	13.237847	32.136487	15.798367	21.726882	27.369465
traj_pdb_0478.pdb 0	60.728032	48.021053	50.772709	37.384859	51.013857	14.648930	32.911959	19.740474	24.541620	30.361066
traj_pdb_0479.pdb 0	59.149316	46.022116	49.213263	38.203294	50.457248	17.527009	29.016992	19.012957	24.575326	26.367572
traj_pdb_0480.pdb 0	60.656419	48.739680	49.596614	35.892968	50.335421	17.528573	27.329600	19.495524	24.085376	27.991490
traj_pdb_0481.pdb 0	60.287518	47.048443	49.216491	37.427030	50.239721	17.563235	24.980340	18.708478	23.738117	27.732952
traj_pdb_0482.pdb 0	60.698728	45.406354	48.898951	38.293042	50.105111	15.013926	13.496316	18.569210	24.098047	29.491557
traj_pdb_0483.pdb 0	61.837954	47.882968	51.659699	37.254768	48.443283	13.159560	27.703797	15.964752	21.051286	28.037136
traj_pdb_0484.pdb 0	61.743253	51.548119	49.267168	39.594529	49.813495	15.375866	24.345027	17.722034	22.801388	26.791410
traj_pdb_0485.pdb 0	61.020047	47.683715	49.590227	40.195427	48.889732	14.411584	29.883477	17.003703	21.967072	30.388973
traj_pdb_0486.pdb 0	62.294156	46.702983	47.475016	39.799886	49.549013	17.073478	27.070195	17.178994	22.279060	28.384191
traj_pdb_0487.pdb 0	62.283903	46.735473	47.893760	40.838712	50.804937	15.397873	32.961511	18.119803	22.915204	28.342610
traj_pdb_0488.pdb 0	61.978653	47.676872	49.009396	41.056774	50.035209	13.885341	28.419027	17.413803	21.582128	28.239923
traj_pdb_0489.pdb 0	61.393926	46.422139	48.784946	39.662640	50.938561	14.385688	32.172004	19.454986	24.754031	34.078762
traj_pdb_0490.pdb 0	59.989729	48.512914	48.548241	40.625543	50.115290	15.399757	26.222202	18.510114	23.664590	27.672184
traj_pdb_0491.pdb 0	62.025761	47.817815	48.664837	39.382021	50.210575	16.178178	25.073695	17.749910	22.935053	29.090289
traj_pdb_0492.pdb 0	60.698442	51.188905	49.720427	39.078005	50.714728	15.182787	34.159575	18.534040	23.677554	28.435684
traj_pdb_0493.pdb 0	59.339463	53.551559	50.484356	37.044644	50.163111	16.916754	34.127497	18.254319	22.394083	27.182885
traj_pdb_0494.pdb 0	59.551430	53.161244	50.775176	37.176048	50.736671	18.527715	-nan	19.714609	23.639960	26.178527
traj_pdb_0495.pdb 0	60.997028	53.996030	49.785029	38.335925	49.573882	16.916574	33.798704	18.447484	22.804823	24.879083
traj_pdb_0496.pdb 0	60.552508	52.938345	48.185729	37.353271	50.100617	18.265855	33.228885	19.201987	24.089230	27.994151
traj_pdb_0497.pdb 0	59.136917	51.961652	48.097351	35.111183	51.648111	17.042769	31.566915	20.390211	25.204831	30.272348
traj_pdb_0498.pdb 0	58.959476	51.323635	48.317023	36.943353	49.964342	18.328555	33.219863	19.589665	24.069559	27.333978
traj_pdb_0499.pdb 0	59.590566	52.387136	49.238208	37.434572	50.405912	17.695616	16.811136	18.771482	24.577187	28.222184
traj_pdb_0500.pdb 0	58.821459	49.126413	48.634858	39.527068	50.116640	17.082091	19.293324	18.810016	23.094368	28.015337
traj_pdb_0501.pdb 0	58.759352	51.029207	48.535178	36.862507	49.591357	18.888121	31.720026	19.542672	23.625302	26.119169
traj_pdb_0502.pdb 0	58.374524	51.856925	50.408894	39.022531	49.042415	16.816693	29.646091	17.459819	22.864448	26.538554
traj_pdb_0503.pdb 0	58.952930	49.851386	48.119092	39.199308	50.272457	18.103881	16.863432	19.757628	25.214393	28.911010
traj_pdb_0504.pdb 0	58.880074	47.695750	49.551110	37.030298	49.651537	16.688213	29.842045	17.841216	22.860446	31.762449
traj_pdb_0505.pdb 0	57.694749	51.988045	49.375559	39.211545	50.138986	17.532627	14.134656	20.195978	24.516233	28.303877
traj_pdb_0506.pdb 0	58.786808	51.065860	48.357856	38.350651	50.768786	17.974544	12.589454	21.955560	26.596324	28.585269
traj_pdb_0507.pdb 0	57.383011	51.745789	48.595284	38.131425	51.922000	19.570524	24.128016	21.231571	26.496434	27.768817
traj_pdb_0508.pdb 0	56.709473	54.076337	50.405507	36.801523	50.389836	15.769241	30.448930	20.604659	26.069748	30.295105
traj_pdb_0509.pdb 0	55.990406	54.019110	52.744695	38.373261	49.190469	13.179682	17.663227	19.021611	24.051831	28.764453
traj_pdb_0510.pdb 0	55.809083	52.169127	52.638934	38.662868	49.105988	11.231319	28.957783	16.403285	21.934849	29.952519
traj_pdb_0511.pdb 0	52.848281	53.937874	53.067029	38.294975	49.746106	15.327021	31.762036	16.845440	21.261702	28.249077
traj_pdb_0512.pdb 0	53.599988	53.973329	51.290143	37.076156	51.335324	17.018505	33.327496	20.339749	26.078072	28.581760
traj_pdb_0513.pdb 0	53.886525	52.643228	51.736695	36.863047	51.886547	17.246859	16.720172	21.415396	25.996975	30.855792
traj_pdb_0514.pdb 0	53.315886	54.851733	50.801842	37.310682	52.588749	19.178002	33.131418	23.431962	28.732925	29.263822
traj_pdb_0515.pdb 0	55.158534	54.156200	50.008394	36.452380	52.778900	17.928375	16.134373	24.321136	28.684326	32.495042
traj_pdb_0516.pdb 0	52.773601	53.056417	49.455743	37.886961	52.896675	20.337161	32.311484	24.025291	28.983442	29.987116
traj_pdb_0517.pdb 0	54.394422	54.900600	51.507822	39.381162	51.476587	18.538390	32.297830	21.186664	25.663552	27.991644
traj_pdb_0518.pdb 0	55.295684	54.322344	48.924099	37.197576	51.095608	19.880118	15.017376	24.048117	28.993394	29.712971
traj_pdb_0519.pdb 0	52.432131	53.457258	50.628165	39.628849	52.385563	20.023204	18.464177	23.826639	28.268521	28.998427
traj_pdb_0520.pdb 0	54.155181	50.980011	50.007912	39.022594	52.270316	18.396718	17.889499	22.733318	28.032426	29.641273
traj_pdb_0521.pdb 0	54.452477	52.868038	49.928093	38.485314	52.207453	19.660372	18.697820	23.693015	29.258972	29.970138
traj_pdb_0522.pdb 0	53.599745	49.737028	49.108883	39.220004	53.140310	21.611494	20.908513	23.926586	29.557679	28.911723
traj_pdb_0523.pdb 0	52.914802	53.666854	49.970209	40.159068	51.993473	17.813005	16.792683	22.328970	27.954987	28.574417
traj_pdb_0524.pdb 0	52.886645	53.556954	52.038419	40.198755	50.666437	16.727620	15.526349	22.311049	27.516997	28.154550
traj_pdb_0525.pdb 0	52.912099	51.641651	49.164621	40.653754	52.194622	20.783172	19.465840	25.340062	30.132764	29.227445
traj_pdb_0526.pdb 0	53.914929	54.729854	49.940882	38.427361	52.478266	20.778781	17.936044	25.093970	31.156460	31.537514
traj_pdb_0527.pdb 0	54.406614	57.340502	51.611933	38.397368	51.868697	17.844133	16.916051	23.635761	28.274455	28.673843
traj_pdb_0528.pdb 0	54.389595	55.927561	51.485391	41.392441	51.360469	19.547738	19.102468	22.035549	27.283998	25.387102
traj_pdb_0529.pdb 0	54.946700	53.804072	49.692468	41.230197	52.246690	19.883707	20.121705	23.775524	29.323193	26.475844
traj_pdb_0530.pdb 0	54.135465	52.649067	50.995740	38.591769	51.193585	17.917706	16.198699	20.798206	26.252432	29.805972
traj_pdb_0531.pdb 0	53.498377	55.184682	52.686992	37.592903	52.139473	17.605948	15.075352	21.368853	26.636846	31.802042
traj_pdb_0532.pdb 0	53.683774	50.491022	52.476904	37.642916	51.115228	15.957021	15.840427	19.972066	25.720701	31.460517
traj_pdb_0533.pdb 0	54.732276	54.056583	50.482413	40.256237	50.538798	20.916696	18.378687	23.759392	28.434040	29.175482
traj_pdb_0534.pdb 0	54.256569	50.784624	50.143281	36.979645	50.714806	19.002735	17.440464	22.869372	27.945696	34.105462
traj_pdb_0535.pdb 0	52.214893	51.303488	53.022158	36.202601	52.238467	18.930221	18.813770	22.833305	28.614888	33.143844
traj_pdb_0536.pdb 0	53.235628	50.365827	51.379306	37.033525	52.890804	20.811136	18.633089	23.469107	29.690632	32.418408
traj_pdb_0537.pdb 0	52.697447	49.239822	49.769385	36.822308	55.514807	24.169047	22.600486	25.217692	30.796126	31.124955
traj_pdb_0538.pdb 0	51.240161	52.347166	51.188581	40.096863	53.854035	20.261395	19.276028	22.963439	28.232979	29.978302
traj_pdb_0539.pdb 0	51.309186	50.501881	52.165651	44.002851	53.908302	20.713059	19.121482	23.064271	29.404360	29.595517
traj_pdb_0540.pdb 0	49.851343	52.375282	49.850800	41.147115	53.833867	22.234704	19.914179	24.862233	30.420414	31.621353
traj_pdb_0541.pdb 0	49.720312	55.605656	48.180761	39.100619	54.612142	24.850749	21.828840	27.818427	33.538842	31.908833
traj_pdb_0542.pdb 0	49.128766	55.244571	49.626450	41.352460	53.523259	23.267551	20.631320	25.841460	30.582057	30.299426
traj_pdb_0543.pdb 0	50.837577	53.661576	49.707562	42.661686	55.085408	23.735321	21.828246	26.146025	-nan	27.618158
traj_pdb_0544.pdb 0	47.722970	55.726903	50.184609	42.156288	55.310051	23.952485	21.435631	28.204876	32.090164	28.835805
traj_pdb_0545.pdb 0	47.329771	58.440563	52.389201	44.635761	54.031540	22.591290	20.119590	24.553305	30.359577	27.760168

